0.002955
-0.016
0.042
-0.034
-0.1606272
0.012
-0.1065488
0.058
-0.2047056
-0.1447056
-0.0342352
-0.0684704
-0.016
0.028
-0.072
0.1306272
-0.056
0.0341568
0.0559216
-0.034
-0.002
-0.034
0
0.034
-0.036
0.1225488
-0.06
-0.1465488
0.0401568
-0.0805488
-0.06
0.048
0.012
-0.072392
0.0020784
-0.012
-0.0121568
-0.0604704
-0.018
-0.012
-0.006
-0.098
0.0400784
0.022
0.028
-0.006
0.04
-0.03
0.01
-0.214784
-0.0603136
0.024
0.01
-0.0822352
0.0200784
-0.058
-0.012
-0.0964704
0.01
-0.002
0.0042352
-0.054
0
0.006
0.0143136
-0.0482352
0.0202352
-0.120392
0.048
0.024
-0.0341568
0.07
0.170784
-0.01
0.04
-0.012
0.008
0.004
0.0642352
0.200784
-0.092392
-0.1405488
-0.022
0.1804704
-0.0923136
-0.012
0.0762352
0.034
0.0039216
-0.014
0.014
-0.06
-0.0202352
-0.1786272
0.024
-0.1784704
0
0
-0.006
-0.006
0
0.186784
-0.038
0.142784
0.0617648
-0.092392
0.066
-0.004
-0.008
-0.1587056
0.006
-0.0300784
0.0380784
-0.1084704
0.018
0.1045488
0.1060784
-0.222784
-0.026
-0.116392
-0.1064704
-0.006
-0.198784
0.052
-0.032
-0.1345488
0.1022352
-0.02
0.1927056
0.032392
-0.1205488
0.004
0
0
-0.0501568
0.044
0.048
-0.0803136
-0.0441568
0.0419216
0.068
0.1664704
0.1063136
0.02
0
-0.0962352
-0.044
-0.072
-0.01
-0.07
-0.012
0.048
0.01
0.01
0.002
0.224784
-0.0802352
-0.002
0.1042352
0.03
-0.048
-0.01
0
-0.018
0.004
-0.0240784
-0.158784
0.064392
0.01
-0.024
-0.02
-0.034
-0.0143136
0.006
0.2287056
0.026
-0.042
0.1265488
-0.002
0.182784
-0.02
0
-0.0120784
0.028
0.014
-0.006
-0.034
-0.034
-0.01
-0.1107056
-0.1465488
-0.016
0
0.022
-0.004
0.01
0.1987056
0.004
-0.026
0.1967056
-0.0401568
0.034
-0.036
0.004
-0.0983136
0
0
-0.014
0.1183136
0.1626272
0.0463136
-0.04
-0.0060784
0.024
0.052
-0.022
-0.1264704
0.218784
0
0
-0.1246272
-0.0660784
-0.0281568
0.01
0.006
-0.014
0.016
0
0.03
0.0722352
0.01
-0.012
0.134392
-0.036
-0.082
0.018
-0.0784704
-0.002
-0.006
-0.006
0.004
-0.012
-0.0541568
-0.034
-0.0643136
-0.1466272
-0.006
0.008
0.100392
0.038
0.036
0.016
-0.0140784
-0.0683136
-0.0201568
-0.024
0.022
0
0.042
0.1123136
-0.012
-0.0300784
0.182784
0.190784
0.014
0.0563136
0
-0.02
0.018
0.1144704
0.054
0.186784
-0.1023136
0.026
-0.018
-0.016
0.1666272
-0.0984704
-0.0341568
0.026
-0.1405488
-0.034
-0.0660784
-0.038
-0.024
0.002
-0.01
0.01
0.100392
0.006
-0.1126272
-0.006
-0.0401568
0.08
0.028
-0.1405488
0.048
-0.0602352
-0.1305488
-0.02
-0.0040784
0.02
-0.026
0.1365488
-0.206784
0.01
0.012
0.066
-0.0080784
-0.0301568
0.168392
0.04
0.1586272
0.066
-0.024
0.1106272
-0.016
0.1766272
-0.014
0.0702352
0.01
0.0001568
0.0519216
-0.002
0.232784
-0.012
-0.004
-0.022
0
-0.0060784
0.0801568
0.154784
-0.094392
0.0521568
-0.024
0.1503136
0.1606272
-0.04
-0.0259216
0
-0.02
0.1645488
-0.03
0.0581568
-0.01
-0.0944704
-0.01
-0.0359216
0.048
0.0401568
-0.006
-0.036
-0.012
0
-0.100392
-0.006
0.036
0.048
0.056
0.036
-0.1424704
0
0.200784
-0.04
0.004
0.004
-0.03
0.006
-0.150392
0.2045488
-0.002
0
-0.012
0.090392
0.036
0.036
-0.078
0.01
0
0.006
0.018
-0.0720784
0.0260784
0.1365488
-0.03
0.112392
0.102392
-0.1224704
-0.03
-0.036
-0.048
0.004
-0.024
-0.1906272
0.006
0
-0.042
0.1704704
-0.248784
-0.046
-0.1002352
-0.018
0.016
0.018
-0.1747056
0.1225488
-0.1144704
0.012
0.1525488
0
-0.0986272
-0.0420784
0.05
0.0561568
-0.016
-0.018
-0.016
0.1264704
0
0.1227056
0.03
-0.002
-0.04
-0.042
-0.034
0.0421568
-0.168784
-0.110392
-0.044
-0.076392
0.0422352
-0.028
-0.058
-0.036
0.036
-0.1805488
0.1124704
-0.03
0.1003136
0.016
-0.2047056
-0.07
-0.012
0.1364704
0.01
0.1426272
-0.036
-0.008
-0.0161568
0.042
0
-0.0479216
-0.04
0.1486272
-0.018
-0.022
0.1262352
0.1262352
-0.03
0.008
-0.028
0
-0.062
-0.038
0
0.0845488
-0.04
0.172784
0.0200784
0
0.018
-0.0079216
-0.218784
-0.088
-0.02
0.1605488
-0.1985488
-0.028
0.0099216
-0.066
0
-0.0100784
0.034
-0.1546272
0.082392
0.016
-0.012
-0.0642352
-0.0080784
-0.0080784
0
0.0140784
-0.1564704
0.012
0.014
0.0139216
0
0.012
0.004
-0.018
0.014
-0.1866272
-0.0076864
0.0763136
0.012
0.036
-0.03
0.042
0.004
0.002
0.1085488
-0.018
-0.02
-0.014
-0.218784
-0.0142352
-0.008
0.032
-0.0280784
0.056
-0.012
-0.1083136
-0.016
0.174784
0.006
-0.006
0.034
-0.100392
0.028
-0.0221568
-0.018
0.1163136
0
-0.024
-0.024
0.0200784
-0.01
0.024
-0.02
-0.044
-0.108
0
0.0201568
0.018
-0.1044704
-0.04
-0.034
0.04
-0.002
-0.0622352
-0.0381568
0.0522352
-0.0320784
-0.0080784
0.042
-0.03
0.0902352
0.036
-0.1384704
0.1084704
0.01
0.06
0.140784
-0.002
0.006
-0.04
0.1786272
-0.0542352
0.036
0.1164704
0.012
0.184784
-0.146392
0.02
-0.036
0
0.0883136
0.2065488
0.076
0.052
0.006
-0.006
0.024
-0.018
0.1282352
-0.018
0.1907056
-0.024
0.034
-0.006
-0.098
0
-0.218784
0.1465488
-0.012
0.032
0.1186272
0.0724704
-0.002
-0.018
0.1204704
-0.004
0.008
0.04
0
0.054
0.03
0.002
0.014
-0.088
-0.078392
-0.028
0.0061568
0.1043136
0.0221568
-0.0883136
-0.0921568
0.012
-0.028
-0.08
0.01
0.02
-0.012
-0.03
0.1165488
0.0181568
0.0824704
0.1266272
-0.01
-0.028
-0.004
0.008
0.006
0.002
0.0100784
-0.036
-0.046
0.0200784
0.1225488
0.1847056
0.0383136
0.03
-0.106392
-0.042
-0.066
0
0.0982352
0.006
0.02
-0.210784
-0.006
0.05
-0.0399216
-0.0482352
-0.0802352
-0.048
-0.1667056
0.04
0.0179216
0.1827056
-0.002
0.0200784
-0.012
-0.0666272
0.044
0.018
-0.202784
-0.012
-0.0241568
-0.1346272
-0.004
-0.056
-0.052
-0.190784
0.038
-0.01
0.004
-0.0099216
0.184784
-0.05
0.016
0.018
-0.032
-0.006
0.028
0.066
0.004
-0.018
-0.1746272
0.018
0.078
0.01
0.1706272
-0.216784
-0.004
-0.01
-0.086
-0.036
0
0.018
0.0201568
-0.048
0.0702352
0
-0.0100784
0.1465488
-0.052
0.002
-0.012
-0.1083136
-0.1927056
-0.016
-0.002
-0.0702352
-0.016
-0.006
-0.048
0.1445488
-0.006
0.04
0.0762352
-0.098392
0.002
-0.016
-0.070392
0.028
-0.06
-0.04
0.0662352
0.072
-0.026
0.006
0.1567056
0
0.0482352
-0.1285488
-0.006
-0.100392
0
0.0501568
0
-0.018
-0.06
0.004
-0.01
-0.03
-0.0921568
0.022
-0.0600784
-0.006
0.012
-0.1245488
-0.058
-0.01
0.1164704
-0.0542352
-0.0620784
-0.006
-0.018
-0.1504704
0
-0.01
0.012
0.054
0.0142352
-0.098
-0.056
0.076
0.0602352
0.018
0.01
0.0338432
0.004
-0.200784
-0.018
-0.014
0.008
0.006
0.04
-0.1247056
-0.004
-0.024
-0.0803136
-0.028
-0.006
-0.1064704
-0.056
0.018
0.04
-0.012
0
0.022
-0.01
-0.078
-0.012
-0.0501568
0.006
0.0523136
-0.048
-0.006
-0.1385488
-0.0401568
-0.08
0.1867056
0
0.0642352
0.0440784
-0.1765488
-0.05
-0.1044704
-0.056
-0.012
0.024
0.01
-0.1002352
-0.0200784
-0.012
0.08
-0.006
-0.01
0.04
0
0.0199216
0.0521568
-0.1726272
-0.002
0.01
-0.006
0.038
0.0825488
0.0963136
-0.03
0
0.0944704
0
0.01
0.018
-0.1043136
-0.062
0
0.084392
-0.0502352
-0.0602352
0.1362352
0.064
0.014
0.200784
0.026
0.006
0.2107056
-0.176784
0.0500784
0.0623136
0.052392
-0.07
-0.006
0.068
0.1546272
-0.02
-0.026
0.01
-0.004
-0.0542352
-0.006
-0.02
0.008
-0.03
-0.01
-0.008
-0.028
0.2167056
0.0523136
-0.0823136
-0.1726272
0.116392
-0.028
0
-0.032
-0.022
-0.06
0.2147056
0.1583136
0.02
-0.0902352
-0.01
-0.012
-0.2025488
-0.034
0.008
-0.016
-0.056
-0.200784
0.1546272
0.01
0.0142352
0
-0.006
0.026
-0.006
0.0602352
-0.0318432
0.082
0
0.102
-0.036
-0.04
-0.012
0.022
-0.006
0.054
0.066
0.072
0.012
-0.03
0.036
0.018
0.1747056
0.060392
-0.1687056
0.180784
-0.004
-0.042
0.1846272
-0.022
0.1667056
-0.0762352
-0.084
-0.186784
0.032
-0.026
0.004
0.230784
0.016
0.024
-0.086
0.0743136
0.110392
-0.048
0.012
-0.1687056
-0.1224704
0.0801568
0.1527056
-0.034
-0.0161568
0
0.026
0.03
0.1467056
-0.006
-0.1266272
0.046
0.1185488
0.0119216
0
0.084392
-0.024
-0.064
0.06
0.006
0.054
-0.028
0.0680784
0.200784
-0.0322352
-0.1606272
-0.0945488
-0.100392
-0.036
-0.04
-0.006
0.046
0.0019216
-0.108392
0.02
-0.008
-0.06
-0.216784
0.078392
0
0.008
-0.0880784
0.082
0.002
0.1106272
0.044
-0.006
-0.006
-0.036
-0.018
0.0461568
0.034
0.0258432
-0.004
0.0761568
0.006
-0.092392
-0.0624704
-0.0441568
-0.1003136
0.042
0.030392
0.01
-0.004
-0.03
-0.014
-0.0722352
0.03
-0.01
-0.052
0.054
-0.016
0.1807056
-0.016
0.01
-0.064
-0.012
0.08
-0.036
-0.004
-0.004
0.046
0.042
0.064
0.016
-0.022
0.012
0.0361568
0.034
-0.036
0.05
-0.1405488
-0.016
-0.036
-0.002
0.026
-0.1084704
-0.0560784
-0.1144704
-0.016
0.100392
0.018
0
-0.0103136
-0.0963136
0.022
0
-0.1224704
0.1967056
-0.012
0.044
0.0680784
-0.06
-0.1707056
0.0337648
-0.0604704
-0.014
0.01
-0.098392
-0.034
-0.156392
0.1486272
0.1324704
0.008
-0.044
-0.018
-0.1324704
-0.032
0.0461568
-0.088392
0.01
0.052
0.012
0.054
-0.206784
0.2407056
-0.004
0.036
0.044
0.0683136
-0.008
0.0660784
0.016
0.024
0.038
-0.006
-0.014
-0.1484704
-0.024
-0.052
-0.012
-0.0080784
-0.0782352
0.1466272
0.106392
0.01
-0.054
-0.0702352
-0.076
-0.04
0.006
0.062
-0.004
0.004
-0.022
-0.022
-0.044
0.0504704
-0.012
0.016
0.1244704
-0.024
-0.036
0.074
0.1465488
-0.2005488
0
-0.01
-0.1426272
0.004
-0.002
0.042
0.1004704
0.016
-0.1504704
0.1867056
-0.032
0.058
-0.012
0.066
-0.028
0
0.052
0.0603136
-0.002
0
-0.1405488
-0.156784
0.002
0.066
0.0863136
0.016
-0.01
0.022
0.04
0.1606272
0.1944704
-0.006
-0.038
-0.1446272
0.006
-0.052
0
0.130392
0.1024704
-0.012
-0.022
-0.014
0.0198432
0.042
-0.0240784
-0.034
-0.01
0.0120784
-0.02
-0.0401568
0
-0.034
-0.014
0.230784
-0.016
0.018
0.002
-0.012
-0.1667056
0
0.0322352
-0.064
0.032
0
0.038
0.014
0
0.1807056
-0.1
-0.006
0.036
0.006
0.05
-0.062
-0.0441568
0.0984704
-0.016
-0.012
0.024
0
-0.02
-0.0703136
-0.006
-0.056
-0.1627056
0.006
-0.036
-0.022
-0.0622352
-0.1586272
-0.0041568
0.012
0.012
0
0.01
-0.008
0.044
-0.028
-0.008
0.0581568
0.01
0
0.1987056
0.018
0.046
0.018
0.1947056
-0.03
0.216784
-0.01
-0.032
0.0519216
0.176784
0.1485488
-0.006
-0.0501568
-0.048
0.0281568
0.022
0.022
0.016
0.026
0.012
0.008
0.1286272
-0.048
-0.1244704
-0.194784
-0.0080784
-0.1164704
0.090392
-0.008
-0.04
-0.008
0.02
0.1807056
0.006
0.1184704
-0.032
-0.072
0.1065488
0.02
0.022
0.078
0.018
-0.05
-0.008
-0.152392
-0.036
-0.028
0.0621568
-0.0724704
0.0500784
-0.0481568
0.034
-0.06
0.012
-0.0362352
0.026
-0.0062352
-0.0580784
-0.1266272
0.1205488
0.066
0.134392
-0.0140784
-0.018
0.0861568
-0.1324704
-0.1305488
-0.016
-0.05
0.098392
0.018
-0.1121568
-0.006
0.130392
0.016
0.076
0.052
0.104392
0.006
-0.002
-0.022
-0.018
-0.012
-0.042
0
0.1584704
-0.046
-0.0602352
0.0422352
0.100392
0.004
0.1747056
-0.016
0.1726272
0.004
-0.1264704
-0.0664704
-0.012
-0.018
-0.03
0.026
-0.1705488
0.014
0.110392
0
0.1063136
-0.01
-0.042
0.028
0.006
-0.022
0.048
-0.2126272
-0.1383136
-0.0140784
-0.016
-0.170784
-0.0301568
0.01
0.016
-0.1124704
-0.072392
0.078
-0.04
0.1645488
0.1122352
0.02
-0.026
-0.048
0.130392
0
-0.046
-0.2107056
-0.012
0.0563136
-0.038
0.022
0.1806272
-0.06
-0.022
0
0.024
0
-0.0401568
0.038
-0.0783136
0.06
-0.1221568
0.064
-0.006
0.004
-0.01
0.2127056
-0.2127056
0
0.1567056
0
0.038
-0.048
-0.006
-0.0320784
-0.022
-0.006
0.028
-0.022
-0.042
-0.032
-0.0684704
-0.012
-0.042
0.096392
-0.0846272
0.002
0.048
0.220784
-0.1244704
0.02
-0.022
0.006
-0.222784
0.036
0.066392
-0.012
0.01
-0.048
-0.01
0.002
0.04
-0.01
-0.150784
0.022
0.01
-0.018
0.022
-0.1687056
0.2007056
0.042
-0.016
0.012
-0.0759216
-0.0319216
-0.0302352
0.024
-0.1767056
0.016
0.1003136
-0.052
0.1726272
0.018
0.028
0.004
-0.0401568
0.036
0.004
0
-0.0002352
-0.0562352
-0.022
0.106392
-0.01
-0.0423136
0.1482352
-0.072
0.03
-0.01
0.2347056
-0.062
3.4694469519536e-18
-0.052
-0.1405488
0.01
-0.1405488
-0.04
-0.044
-0.0401568
-0.014
-0.018
0
-0.022
-0.016
0.012
-0.038
-0.024
-0.012
0.148784
0.01
-0.012
0.1905488
0.0923136
-0.018
0.220784
0.028
0.022
-0.006
-0.02
-0.006
0.012
-0.036
-0.0320784
-0.092392
0.004
-0.1747056
0.182784
-0.024
-0.1303136
-0.048
0.0903136
-0.02
-0.1186272
0.1505488
0.082
-0.04
0.012
-0.100392
0.016
-0.194784
0.006
0.184784
-0.016
0.034
0.01
-0.016
-0.02
-0.0542352
0.016
0.054
-0.028
0.190784
-0.012
0.02
-0.006
-0.01
0.046
0.042
0.06
0.0581568
0.012
0.02
-0.01
0.04
-0.048
-0.02
-0.218784
0.1705488
-0.006
-0.0863136
0
-0.002
-0.006
-0.012
-0.0881568
-0.0703136
0.1666272
-0.032
0.006
0.238784
0.0482352
-0.01
0.0139216
-0.012
0.0461568
0.1365488
0.0582352
-0.012
-0.0080784
-0.036
-0.0121568
-0.030392
0.016
0.06
0.1707056
-0.018
0.002
-0.0221568
0.1104704
0.1204704
0.01
0.01
-0.192784
0.0078432
0.026
-0.03
0.1407056
-0.022
0
-0.2546272
0.06
-0.032
0.016
-0.08
0.012
-0.086392
-0.012
-0.012
-0.016
0.244784
-0.112392
-0.142392
0.066
0.028
-0.02
-0.068
-0.03
0.206784
-0.0563136
-0.05
-0.024
-0.026
0.01
0.04
0.03
-0.100392
-0.0461568
0.0503136
-0.006
0.042
-0.1486272
-0.032
0.024
-0.042
0.1907056
0.004
-0.06
0.024
-0.1507056
-0.1386272
-0.0761568
0.014
-0.012
0.1887056
0.01
0.022
0.01
-0.0079216
0.018
-0.03
0.01
0.1747056
0.038
0.1707056
0.022
0.204784
0.088
0.038
0.1164704
0.04
-0.024
-0.0601568
-0.004
0.074392
0.092392
0.0401568
-0.03
0.094392
-0.172392
-0.014
-0.016
0.1666272
-0.032
0.086
0.006
0
0.1765488
0.01
-0.01
-0.006
0.04
-0.006
0.006
-0.002
0.016
-0.064
-0.0059216
-0.012
0.04
-0.1705488
0.0121568
0.018
-0.036
-0.004
0.1786272
0.0441568
-0.1405488
0.046
0
0.0563136
0.1807056
-0.01
-0.012
-0.132392
0.0119216
-0.034
0.01
0.024
-0.012
0.054
0.024
0
0.1104704
0.02
0.0202352
-0.1747056
-0.048
-0.0785488
0.2047056
0.216784
-0.018
-0.006
-0.048
0.018
-0.018
-0.0401568
-0.1185488
0.0963136
-0.006
0.07
0
0.0482352
0.004
0
-0.01
0.1606272
-0.1606272
0.1505488
0.220784
0.074
0.1966272
0.034
0.056
0.014
0.004
0
-0.006
0.188784
0.1104704
0.0281568
0.03
0
0.02
0.1745488
-0.072
-0.016
-0.034
-0.008
0.0882352
0.0383136
0.004
-0.03
-0.0299216
-0.114392
0.248784
0.1606272
-0.048
-0.028
0.0602352
-0.022
0.018
0.038
0.1103136
0.018
0.022
0.022
-0.004
0.004
0.1527056
-0.002
-0.012
-0.0281568
-0.186784
0
-0.016
0.034
-0.0038432
-0.014
0.1407056
-0.06
-0.068
0.026
0.04
-0.0019216
-0.062
-0.004
0.018
0.024
0.184784
-0.008
0.1707056
-0.034
0.084
0
-0.06
-0.006
-0.01
0.012
0
0.078
-0.0623136
0.04
-0.034
0.006
-0.0720784
0.204784
0
0.014
-0.0341568
0.012
0.0040784
-0.1264704
-0.1204704
0.1867056
-0.008
0.028392
-0.012
0.03
0.016
0.1326272
0.006
0.0563136
-0.02
0.0741568
0.0703136
0.01
0.110392
-0.0983136
0.038
-0.1745488
-0.05
-0.014
0.034
0.006
-0.004
-0.024
0
0.128392
0.03
-0.0020784
-0.0060784
-0.034
-0.058
-0.016
-0.0140784
0.01
0.0803136
0.106392
0.032
-0.01
-0.1645488
0.056
0.084
0.008
-0.004
-0.0942352
0.006
-0.0983136
-0.04
0.0381568
0
-0.1022352
-0.0440784
0
-0.006
0.038
0.002
0.036
-0.1804704
0
0.012
-0.022
0.002
0.034
0.130392
-0.0903136
-0.024
0.016
0.004
0.084392
0.1705488
-0.0762352
-0.012
-0.034
-0.006
-0.012
0.02
-0.0542352
-0.0943136
0.118392
-0.1426272
0.1126272
0.1506272
0.048
-0.200784
0.0863136
0.0925488
0.02
0.0659216
-0.016
-0.048
0
0.046
0.164784
-0.0461568
0.0902352
0.036
0.1585488
0.014
0.01
-0.1506272
-0.01
0.006
-0.1505488
0.024
0.004
0.01
0.0924704
-0.0923136
0.0580784
0.018
0.018
0.006
0.018
0.140392
-0.032
-0.06
0.066
0.018
-0.0743136
0.0862352
-0.1904704
0.012
-0.050392
0.002
7.8399999999999e-05
-0.002
-0.012
-0.024
0.0242352
0.034
-0.0382352
0.216784
0
0.04
0.056
0.016
-0.02
0.052
-0.03
-0.006
-0.028
0.016
0.028
-0.1484704
-0.006
0.0403136
0.1123136
0.0300784
0.1225488
0.004
-0.1907056
-0.048
0.148392
0.0502352
-0.1565488
-0.04
-0.0342352
0
-0.002
-0.004
-0.036
-0.0782352
-0.1525488
0.006
0.1807056
0.022
-0.054
0.03
0.1264704
0.1144704
0.144392
-0.0100784
-0.04
0.0579216
-0.018
-0.012
-0.008
-0.012
-0.0320784
-0.2167056
0.2186272
0.1405488
-0.2447056
-0.1587056
-0.1007056
0.0341568
0.01
0.022
0.014
0.1063136
0.024
0.048
0.07
-0.0642352
0.024
0.058
0.0885488
0.012
-0.004
-0.120392
-0.008
-0.1405488
-0.1666272
0.056
0
0.1367056
0.0761568
-0.046
-0.034
0.1705488
-0.024
-0.1324704
-0.04
0.1847056
0
0.03
-0.012
-0.002
0.060392
-0.1426272
0.016
-0.076
-0.1404704
0.0863136
-0.024
-0.028
-0.008
0.01
0.1084704
0.076
0.058
0.0041568
-0.028
-0.008
-0.042
0
-0.012
-0.0140784
0.022
0.022
0.012
-0.014
-0.016
0.02
0.006
0.1285488
-0.038
-0.008
0
-0.042
0
0.116392
0.004
0.0843136
-0.012
-0.1707056
0.078
-0.052
-0.004
-0.1323136
0.016
-0.1004704
0.038
-0.002
0.006
0.03
0.0342352
0.028
0.012
-0.1506272
-0.046
0.076
0
0.006
0.006
0.012
0
-0.022
0.01
0.036
0.0120784
0.022
-0.0520784
-0.186784
0.1546272
0.194784
0.01
-0.008
-0.018
0.028
-0.002
-0.046
0.0362352
-0.01
-0.0803136
-0.0963136
-0.024
-0.01
-0.008
0.042
0.042
-0.01
0.024
-0.064
0.0023136
-0.03
0.028
-0.0218432
-0.056
0.1344704
-0.0260784
0.106
0
0.01
0.0662352
0.124
0.022
0.1506272
0
-0.046
-0.034392
-0.0703136
0
0.008
0.006
0.194784
0.0643136
0.006
0.024
0.1486272
-0.0702352
0.1205488
0
0.1404704
-0.1546272
-0.018
0.1587056
-0.1687056
0.018
0.054
-0.1827056
0.026
0.220784
-0.0643136
-0.1807056
0.152784
0.03
0.022
-0.090392
-0.0802352
-0.1324704
-0.018392
0.0502352
-0.0420784
-0.1345488
-0.006
0.036
-0.1585488
0.034
-0.004
0
0.096
-0.028
-0.2126272
0.1345488
0.002
0.042
-0.0541568
-0.086
0.0462352
-0.024
-0.048
0.01
-0.0101568
-0.002
-0.1586272
0.014
0.058
-0.006
0.02
0.190784
0.028
0.002
0.006
-0.1867056
0.074
-0.016
0.03
0.1367056
0.016
-0.1285488
-0.01
0.1384704
0.0741568
0
-0.1042352
0.0181568
0.048
-0.024
0.012
0.07
-0.2187056
-0.04
-0.0903136
0.1081568
0.04
0.038
0
0.0623136
0.03
-0.0339216
-0.016
-0.014
0.0018432
-0.034
-0.1024704
0.1285488
-0.1565488
0.01
-0.1086272
-0.006
0.01
-0.042
-0.046
0.058
-0.024
-0.0302352
0.022
-0.022
0.036
0.01
0.1424704
0.0521568
0.066
0.024
0
-0.140392
-0.048
0.026
-0.002
0.004
0.200784
0.02
-0.002
-0.014
0.006
0.070392
-0.012
0
0.1144704
0.0260784
0.1827056
0.076
-0.0320784
0.018
0.01
0
0.02
-0.042
-0.002
-0.024
-0.008
0.1143136
0.0260784
-0.032
0.018
0.016
-0.016
0.1001568
0.038
0.038
-0.1725488
-0.016
-0.038
0.06
0.100392
-0.220784
0
-0.012
-0.006
0.03
0.168392
-0.0020784
0.03
-0.094392
0
-0.1066272
0.022
-0.0420784
0
-0.028
-0.048
0.02
-0.006
-0.016
0.0743136
-0.036
0.056
-0.022
0.024
0.03
-0.048
0.2086272
-0.006
0.134784
0.1425488
-0.148392
-0.1405488
0.1244704
0.1204704
0.01
0.1827056
0.052
0.074
-0.016
-0.1305488
-0.028
0.012
0.01
-0.006
-0.004
0.0440784
0
0.1104704
0.094392
0.032
0
-0.01
-0.0260784
-0.048
-0.1405488
-0.05
-0.004
-0.1485488
-0.004
-0.134784
0.01
-0.1284704
0.1084704
-0.028
0.028
0.016
0.03
-0.1987056
0.1444704
-0.052
-0.06
0.014
0
-0.200784
0.0401568
-0.1724704
0.002
-0.018
-0.0258432
0.038
-0.012
0
-0.014
-0.01
-0.018
-0.028
-0.188784
0.006
0.042
0.0459216
0.012
0
0.012
-0.0061568
0
-0.012
0.026
0.048
0.012
0.1667056
0.038
-0.004
0.018
0.008392
-0.142392
-0.018
-0.002
0.1125488
0
0.136392
0.0563136
0.046
-0.250784
-0.0841568
-0.006
-0.028
0.044
0.01
-0.004
0.072392
0.026
0.02
-0.01
-0.0621568
0.0821568
0.03
-0.02
0.072392
0.0140784
0.012
-0.014
0.01
0.002
-0.1005488
0.008
-0.006
0.012
0.1666272
0.022
-0.038
0.0803136
0.034
-0.016
-0.1243136
0.032
0.012
-0.002
0.0923136
-0.1647056
0
0.01
0
0.04
0.1744704
-0.006
0.012
-0.008
-0.06
0.012
-0.016
0
-0.240784
0.012
0.046
0.006
0.0021568
0.1084704
-0.0478432
-0.01
0.038
-0.01
0.0862352
-0.1387056
0.0079216
-0.1665488
0.046
0.012
0.0461568
-0.0782352
-0.0362352
0.03
0.1626272
0.006
-0.0802352
0.03
0.02
-0.046
-0.016
0.05
0.06
0.02
0.1044704
-0.1084704
0.08
-0.106392
0.0039216
-0.1807056
0.006
-0.1405488
0.1564704
-0.0923136
0.194784
-0.006
-0.01
0.0843136
0.1305488
0.024
0.028
-0.068
0.054
-0.012
-0.018
0.1507056
-0.026
0.028
-0.0020784
0.03
0.164784
0.016
0.05
0.1967056
-0.310784
0
0.1265488
0.03
0.0602352
-0.064
-0.1967056
-0.02
0.228784
-0.1384704
0.0320784
-0.0140784
0.038
0.026
-0.016
0
-0.006
0.0460784
0.112392
-0.060392
-0.014
0.024
-0.012
0.034
-0.012
-0.012
0.022
0.028
-0.0743136
0.018
-0.180784
0.01
-0.024
0.022
-0.03
0.054
0.06
0.03
-0.1527056
0.042
0.01
-0.074
0.014
0.024
-0.130392
0.0221568
0.01
0.140392
0.06
-0.014
-0.1627056
0.024
0.006
0
0.1566272
0.052
0.01
0.006
-0.078
-0.002
0.186784
0.006
0
-0.100392
0
0.032
-0.0040784
-0.006
0.04
0.1166272
-0.0401568
-0.006
0.2025488
0.0484704
0
0.002
-0.2224704
-0.0642352
-0.0801568
0
-0.1807056
-0.004
0.006
0.0200784
0.1684704
-0.104392
0.006
0.002
-0.1143136
0.0200784
0.074
-0.022
-0.2484704
0.0261568
0.066
-0.04
-0.008
0.004
0.0378432
0.006
-0.086
-0.1165488
-0.0703136
0.044
-0.0081568
-0.046
0.002
0.1606272
0.0803136
0.006
-0.034
-0.0762352
0.032
-0.1804704
0.1885488
-0.006
-0.206784
-0.006
-0.1084704
0
-0.038
-0.088
0.224784
-0.072
0.202784
-0.1726272
-0.0342352
-0.06
0.01
0.042
-0.032
-0.0163136
-0.094
0
0.042
0.006
-0.032
-0.024
0.03
-0.1164704
0.006
0.042
0.004
-0.04
0.0702352
-0.072
0.036
-0.018
-0.026392
0.018
-0.042
0.0803136
-0.1305488
-0.062
-0.01
-0.2024704
-0.04
0.1264704
0.1224704
-0.1405488
0.034
-0.036
-0.0281568
0.0724704
0.0341568
-0.024
-0.1285488
-0.0683136
0
0.1405488
-0.006
-0.048
0.032
-0.006
0.006
0.1345488
-0.006
0.04
0.058
0.01
0.006
0.238784
-0.012
-0.034
0.048
-0.012
0.024
0
0.1204704
0.01
-0.024
0.172392
0.0200784
0.002
-0.162784
-0.1365488
0
-0.1366272
-0.0359216
-0.0581568
-0.0161568
-0.1706272
0.0360784
-0.0863136
-0.0462352
-0.0240784
-0.004
-0.024
-0.054392
0.0743136
0.0403136
0.01
0.022
0.02
0.014
0.072
0.048
0.006
0.02
0.060392
0.0382352
0.012
0.1284704
-0.008
-0.1005488
0
-0.046
-0.1084704
-0.2027056
0.01
0.0842352
-0.0842352
-0.024
0.1525488
-0.034
-0.06
-0.028
-0.04
0.068
0.0863136
0.002
0.0863136
0.01
-0.0444704
0.096392
-0.024
0.066
-0.1705488
0
0.0683136
-0.006
0.01
0.1644704
-0.1383136
0.0844704
-0.032
-0.0281568
0.084
-0.0060784
0.06
-0.006
-0.01
0.1264704
0.01
0.012
0
0.1345488
0.0684704
-0.018
-0.012
-0.096392
-0.006
-0.046
-0.1606272
0.006
0.016
0.1865488
0.028
0
0
-0.054
0.066
0.012
-0.092392
-0.068
-0.052
-0.056
-0.008
0.04
0.1646272
0.04
0.038
0.1044704
0.006
0.0561568
0.062
0.2427056
-0.014
-0.002
-0.002
-0.004
0.0863136
-0.1546272
-0.1264704
0.042
0.082
0
0.1987056
0.1405488
0.2087056
0.006
-0.152392
0
-0.01
-0.0120784
-0.046
0.014
0.042
-0.1447056
-0.026
0.016
-0.048
0.036
-0.002
0.036
-0.2047056
0.226784
0.058
-0.1786272
0.052
0.066
0
0.058
0.1023136
0.012
-0.066
0.1082352
0.01
0.006
0.01
0.07
-0.012
-0.008
-0.04
0.028
0.1384704
0
0.1807056
-0.012
0.0663136
-0.1786272
-0.130784
0.02
0.044
-0.0883136
0
0.01
0.01
-0.022
0.076
-0.036
0.05
0.0103136
-0.042
0.0761568
-0.0183136
0.016
-0.092392
0.028
-0.0765488
0.1747056
0.022
-0.014
0.034
-0.054
0.0924704
-0.026
0.066
0.016
-0.0803136
-0.1525488
0.058
-0.012
0.006
-0.0826272
0.018
0.062
-0.06
-0.016
0
0.048
0.1165488
-0.1142352
0.0662352
0.036
-0.0925488
-0.0703136
-0.212784
0.04
-0.1426272
0.01
0
-0.01
0.03
-0.004
-0.1445488
0.03
-0.1202352
-0.088
0.036
-0.006
-0.1966272
0.028
-0.0923136
-0.036
-0.01
0
-0.004
0.068
0.1224704
-0.04
-0.002
0.026
0.088
-0.1423136
0.06
-0.02
-0.1566272
0.210784
-0.036
-0.1184704
-0.002
0.1727056
-0.018
-0.016
0.014
0.1506272
-0.0783136
-0.104392
-0.072
0.0884704
0.004
0.006
0.052
0.172784
0.03
-0.0420784
0.002
-0.0522352
0.058
0.018
0.1444704
-0.0039216
0.0944704
-0.0701568
0.1304704
0.012
0.012
-0.02
0.0803136
0.0303136
-0.0803136
-0.100392
-0.1243136
0.036
0.042
-0.034
-0.0120784
0
0.01
0.012
0.076392
-0.100392
0.102392
-0.022
-0.012
0.024
0
-0.018
0.0301568
0.1486272
0.0281568
0.03
0.036
0.1807056
0.042
-0.0122352
-0.01
-0.168784
0.012
0.012
-0.016
-0.01
0.03
-0.1102352
-0.01
0
-0.006
0.0441568
0.022
0
-0.056
0.03
0.0843136
-0.032
0.012
-0.0602352
0
0.0018432
-0.110392
0.0400784
0.210784
0.066
-0.0944704
0
0.0401568
0.0620784
-0.0783136
-0.204784
0.04
-0.1384704
0
0.01
-0.1685488
0.0442352
0.002
0.022
0.006
0.0704704
0.032
-0.006
-0.0620784
0.1747056
0.012
0.0178432
0.0823136
-0.072
-0.024
0.0482352
0.1084704
-0.0782352
0.1587056
-0.0864704
0.074392
-0.036
0.024
-0.04
0.034
-0.006
-0.048
0.038
0.026
-0.1264704
0
-0.006
0.0945488
-0.1084704
0.018
0.052
-0.100392
0.0640784
0.1807056
0.0200784
0.034
-0.006
0.1606272
0.02
0.026
-0.018
0.012
-0.058
-0.012
-0.008
0.016
0.1064704
0.03
0.006
0.0602352
0.052
0.048
0.006
-0.01
0.1443136
-0.03
0.014
-0.120392
-0.188784
-0.008
-0.0501568
-0.006
0.03
0.080392
-0.106392
0.1447056
0.006
0.006
-0.2167056
0.012
-0.044
0.036
0.1707056
0.002
0.200784
-0.0905488
-0.03
0.006
-0.1426272
-0.052
-0.0683136
0.0783136
-0.238784
-0.034
0.056
-0.1345488
0.02
-0.2026272
0.012
0.05
0.0421568
-0.182784
-0.0845488
-0.0661568
0.1425488
-0.0200784
0.1765488
-0.016
-0.048
-0.012
0.0803136
-0.0300784
0.056
0.0602352
0.076
-0.022
0.208784
0.1666272
-0.1424704
-0.024
-0.01
-0.2107056
-0.2126272
0.012
0.0602352
0.026
0.0241568
0.09
-0.026
0.0061568
0.0844704
-0.006
0.042
0.008
0.066
0.008
0
0
0.05
-0.012
0.1286272
0.094392
0.0662352
0.022
0.004
0.1347056
0.042
0.022
0.03
0.100392
0
-0.1283136
-0.02
-0.01
0
-0.014
-0.032
-0.02
0.016
0.03
0.1104704
0.096392
0.0441568
-0.0501568
0.1747056
-0.1807056
-0.1325488
-0.024
-0.008
-0.026
0.1707056
-0.1707056
-0.0220784
0.002
0.0280784
0.1606272
0.012
-0.036
-0.0742352
0.0261568
0.0260784
0.01
0.056
0.01
0.0803136
0.1807056
0.004
-0.1345488
-0.018
0.0344704
0.004
0.0602352
0.016
-0.026
-0.1163136
0.042
0.018
0.0482352
0.1624704
0.1786272
0.03
-0.106392
-0.1285488
0.0803136
0.008
-0.068
-0.012
-0.036
-0.06
0.01
0.1023136
-0.206784
-0.068
0.176784
0.0258432
-0.024
-0.042
0.0986272
0.176784
-0.006
0.01
0.018
0.094
-0.006
-0.044
0.038
0.072392
0.028
-0.032
-0.1386272
0.096392
0.0480784
0.038
0.1122352
0.0160784
-0.024392
0.002
0
-0.1364704
0.130392
-0.03
-0.03
0.048
0.016
-0.03
-0.008
0.046
-0.0683136
-0.1025488
-0.004
-0.004
-0.014
0.028
0.166784
-0.014
-0.034
-0.006
-0.210784
-0.028
0.044
0.0300784
-0.016
-0.1164704
0.082
0.03
-0.044
-0.044
0.016
-0.2186272
0.014
-0.1586272
-0.2207056
-0.07
-0.00023519999999999
-0.018
0.1244704
-0.012
0.034392
0.0018432
0.1806272
-0.01
0.024
0.044
0.004
0
0.06
0.052
0.01
0.04
0.0784704
-0.01
0.1204704
0.1405488
-0.03
-0.03
0.038
-0.1444704
0.006
-0.1224704
0.056
-0.174784
-0.01
-0.016
-0.214784
0.022
0.022
0.05
-0.004
-0.006
0.1607056
-0.090392
0.2065488
0.054
0.038
0.0238432
-0.1424704
-0.100392
-0.1304704
-0.03
0.054
0
-0.01
0.014
0.048
-0.006
-0.0319216
-0.1624704
-0.012
-0.0482352
-0.002
-0.1767056
0
0.072
-0.008
-0.016
-0.006
-0.04
-0.1867056
0.206784
0.022
0.0620784
-0.026
-0.1865488
0.028
0.03
-0.006
0.044
-0.034
-0.046
0.018
-0.008
-0.1726272
0
0.018
0.012
-0.130392
-0.0522352
0.006
-0.018
0.1747056
0.036
0.06
-0.016
0.0303136
-0.0302352
0.224784
0
0.024
0.012
-0.1002352
-0.078
-0.1587056
-0.1306272
-0.01
0
-0.090392
-0.01
-0.01
0.032
-0.0200784
0
0.018
0.094392
0.05
-0.1466272
0.046
-0.024
0.046
0.058392
0.1102352
0.024
0.022
0.03
-0.012
-0.024
-0.0601568
0.1385488
-0.01
-0.05
-0.1243136
-0.024
-0.066
0
-0.004
-0.006
-0.016
0.006
0.024
0.012
-0.048
0.130784
-0.012
0.006
-0.1382352
0.024
-0.024
-0.1486272
0.02
-0.04
0.018
-0.026
0.012
0.058
-0.206784
0.1204704
0.1405488
-0.0382352
-0.0844704
-0.0020784
0.01
0.026
0.046
0.062
-0.1122352
-0.0984704
-0.016
0.006
-0.002
0.0060784
0.004
0.016
0.058
0.042
-0.1022352
-0.062
0.0803136
0
-0.250784
0
0.004
-0.016
0.0260784
-0.006
0.006
0.034
0.01
0.1587056
-0.066392
-0.016
0.0561568
-0.0901568
0.006
-0.016
-0.0199216
0
-0.0399216
-0.01
-0.028
-0.088
0.02
0.004
-0.06
-0.1467056
-0.1927056
0
0.006
-0.1447056
-0.088
-0.002
0
0.1345488
0.022
0.1124704
0.008
-0.1363136
-0.01
0.066
0.1123136
-0.004
0.024
0.1705488
0
0.0179216
-0.01
-0.016
-0.2527056
0.016
0.036
0.100392
-0.1005488
0.1165488
-0.018
-0.0700784
0.012
0.1042352
0.0020784
0.036
-0.01
0.018
0.04
0.052
-0.012
0.01
0.004
-0.022
0.0703136
0.024
-0.0602352
0.016
0.1686272
-0.1527056
-0.002
-0.054
-0.06
0.034
-0.012
0.04
-0.034
-0.136784
-0.03
-0.0078432
-0.008
0.0401568
-0.018
0
0.022
-0.006
0.1765488
-0.032
0
-0.176784
0.0300784
0.006
0.028
0.01
0.0722352
-0.042
-0.062
0.206392
0.0622352
0.0882352
0.1165488
0
-0.056
-0.0623136
-0.026
-0.174784
-0.190784
0.03
0.0501568
-0.01
-0.0622352
-0.1305488
0.1405488
0.0440784
-0.0660784
-0.1385488
0.016
0.034
0.034
-0.016
-0.022
0.028
-0.1384704
-0.002
0
0.230784
0.166784
-0.1807056
-0.014
0.212784
0.1647056
0.012
0.012
-0.058
-0.022
-0.1062352
-0.064
0.018
0.142784
-0.222784
0
0.218784
-0.012
0.07
0.058392
0.082392
-0.02
-0.048
0.004
-0.04
0.0722352
0.012
-0.1506272
0.01
0.158392
0.016
0.038
0.038
-0.022
0.01
0
-0.03
0.0960784
-0.028
0.006
-0.1205488
0
0.012
0.002
-0.1244704
-0.008
-0.08
0.012
0.028
0.0964704
0.06
-0.028
-0.01
-0.018
-0.03
0.02
-0.0623136
0.01
0.044
0.04
0.1205488
0.006
-0.018
-0.018
-0.062
-0.004
-0.222784
0.0101568
-0.004
-0.052
-0.1947056
-0.0844704
-0.012
-0.008
-0.05
-0.042
-0.258784
0.1747056
0.016
0.06
0.016
-0.0943136
0.07
-0.0602352
0.1725488
-0.0881568
-0.03
0.0923136
0.006
0.022
-0.01
0.01
-0.116392
-0.1184704
0.01
-0.006
0.0822352
0.0743136
0.1445488
0.018
0.018
-0.064
0.088392
0.184784
-0.006
-0.032
0.018
0.088
0.1907056
-0.054
0.1886272
-0.01
-0.1122352
0.1825488
-0.006
0.028392
0.02
-0.03
0.062
0.084
-0.018
-0.1844704
0.02
0.02
0.128392
0.0241568
-0.0601568
-0.174784
-0.1326272
-0.082392
0.01
0.210784
0.004
-0.018
-0.0261568
0.078
0.0685488
-0.03
0.016
-0.1967056
0.004
0.1966272
0.1005488
-0.0321568
-0.1666272
-0.002
0.1066272
0.0300784
0.1204704
0.04
0.046
0.036
0.012
-0.022
0.072
0.1405488
0.1225488
0.1264704
0.01
0.0683136
-0.042
0.002
0.0361568
0.012
-0.016
-0.008
-0.012
0
-0.026
-0.1684704
-0.01
-0.036
-0.1004704
0.0281568
-0.0381568
-0.1321568
-0.022
-0.022
-0.024
0.0320784
0.024
0.248784
0.03
0
-0.01
0.018
0.03
-0.0804704
0.1606272
0.02
0.058
0.0759216
0.048
-0.01
-0.0080784
0.016
0.036
-0.006
0.1306272
0.0945488
0
0.028
0.006
-0.142392
0.1204704
-0.032
0.046
0.0279216
0.028
-0.03
-0.0463136
-0.194784
0.0200784
0.02
-0.004
-0.0702352
0.01
0.026
-0.006
0.038
0.1144704
-0.0402352
-0.026
0
0.014
0.02
-0.112392
-0.01
-0.012
-0.036
-0.02
0.048
0.014
0.006
0.026
-0.078
0
-0.1423136
0.01
0.062
-0.028392
-0.1844704
-0.018
-0.1223136
0.022
0.1624704
-0.0202352
-0.018
0.068
0.002
0.088
-0.022
0.01
0.1465488
-0.012
-0.082
-0.0057648
-0.05
-0.042392
0
0.016
0
0.1626272
0.1105488
0.1244704
-0.002
-0.0281568
0.048
-0.014
-0.104392
0.002
-0.1624704
0.0301568
0.008
-0.0161568
0
-0.056
0.0160784
-0.0987056
-0.026
0.122784
-0.046
0.018
-0.0622352
0.042
-0.194784
-0.004
0.1606272
0.008
0.0946272
-0.0903136
0.004
0.04
-0.1907056
0.01
-0.03
0.016
0
0.1546272
0.012
-0.062
-0.028
-0.048
0.006
0.1264704
-0.024
-7.8400000000003e-05
0.2107056
-0.012
0.026
0.072
0.0680784
-0.0278432
-0.1227056
-0.198784
-0.106392
-0.0684704
-0.0100784
-0.0761568
-0.022
0.014
0.0945488
-0.026
-0.0743136
0.076
0.1225488
-0.012
0.0280784
-0.1144704
0.018
-0.0504704
-0.012
-0.01
0.048
0.01
0.1707056
-0.0864704
-0.024
0.176392
-0.042
0.014
0.05
0.0803136
0.0263136
0.024
-0.006
-0.012
0.028
-0.012
-0.0803136
0
0.01
0.006
0.032
0.222784
0
-0.078392
-0.024
0.032
0.044
0.086
-0.116392
-0.036
-0.022
0.004
0.058
0.1102352
0.002
0.016
0.1223136
0.004
0.028
-0.066392
0.0220784
-0.022
0.0319216
0.01
0.02
-0.0564704
-0.006
-0.0363136
-0.014
0.006
-0.078
0.0040784
0
0.024
-0.0301568
-0.0602352
0
0.0604704
0.0263136
-0.06
0.1225488
-0.0541568
0.006
0.062
-0.044
0.026
-0.046
0.2227056
-0.016
0.028
-0.002
0.1405488
-0.034
0.1546272
0.01
-0.012
0.01
0.0159216
-0.048
-0.024
0.0443136
0.016
-0.016
-0.054
0.0521568
0.224784
-0.004
0.0339216
0.042
0.058
-0.022
0.1204704
-0.006
-0.032
-0.018
-0.0136864
-0.016
0.006
-0.1167056
-0.03
-0.1164704
0.048
-0.1384704
0.044
0.016
0.064
-0.058
-0.1625488
0.034
-0.01
-0.042
-0.0440784
-0.1765488
-0.006
0.1747056
-0.038
0.1326272
0.0018432
-0.004
0.034
-0.0221568
0.1343136
0.022
0.038
-0.0401568
-0.004
-0.1807056
-0.016
-0.1564704
-0.004
-0.0281568
0.004
0.018
0.06
0.004
-0.034
0.006
0.01
0.006
0.052
0.002
-0.082392
0.042
-0.018
-0.088392
-0.0903136
0.1206272
0.0441568
0.01
-0.1687056
-0.1747056
0.074
0.004
-0.034
-0.038
0.01
0.1725488
0.01
0.006
0.036
0.0500784
0.044
-0.006
0.1545488
-0.086
-0.1204704
-0.054
0
-0.028
-0.0602352
0.1625488
-0.1465488
0.146392
0.014
-0.05
0.1324704
-0.0923136
0.1104704
0.0080784
0.1764704
-0.01
-0.06
-0.0884704
0.04
0.014
-0.042
-0.0523136
-0.1605488
0.152784
-0.002
-0.054
0.032
-0.034
0.1726272
-0.03
0.028
0.2227056
-0.1726272
0.016
-0.1485488
0.014
0
0.1264704
-0.026
0.026
-0.072
0.2226272
0.05
-0.0763136
-0.008
-0.008
0.0702352
0.1503136
0.008
0.2267056
-0.2267056
-0.032
-0.02
-0.0842352
-0.038392
0.0100784
-0.002
-0.0103136
0.1405488
0
0.012
-0.2267056
-0.0727056
0
0
-0.0381568
0.032
0
-0.0181568
-0.044
-0.006
0.006
0.042
0.04
-0.0442352
-0.1707056
-0.038
0.03
0.1867056
-0.042
0.046
-0.052
0.01
0.004
0.054
0.034
-0.016
0.1786272
0.1085488
0.048
0.1707056
-0.1486272
-0.0161568
-0.014
0.01
0.218784
-0.042
0.1099216
0
0.1546272
-0.05
-0.0222352
-0.016
0.06
0.1042352
-0.1747056
0.01
-0.0883136
-0.048
0.1526272
0.016
0.186392
0.024
0.1627056
-0.1566272
-0.0904704
-0.0181568
0.1345488
0.214784
-0.01
-0.052
0.1907056
-0.01
0.006
-0.018
0.008
-0.008
-0.200784
-0.002
0.01
-0.142392
-0.1445488
-0.016
0.1244704
-0.1805488
0.03
0
0.210784
-0.084
0.006
-0.022
-0.03
-0.01
0.028
-0.210784
0.0542352
-0.042
0.006
0.018
-0.1924704
-0.02
-0.018
0.0059216
-0.004
-0.0384704
-0.024
-0.022
0
0
-0.018
-0.242784
0.04
0.056
-0.0786272
-0.036
-0.014
0.006
0.014
-0.03
0.1304704
0.018
0.02
0.130392
0.048
0.01
0.042
-0.1685488
0.012
0.054
0.1906272
-0.018
0.008
0.012
-0.028
-0.018
0
-0.016392
-0.012
-0.032
-0.06
-0.1083136
-0.028
-0.230784
0.0542352
-0.112392
0.1506272
0.024
-0.004
-0.0461568
0.0881568
0.0503136
-0.042
0.1706272
-0.168784
-0.1866272
0.008
0.006
0.0602352
0.062
0.214784
0.0442352
-0.02
0.1424704
0.012
0.01
-0.0016864
0.04
0.01
-0.006
-0.062
0.06
0.012
0.1324704
0.058
0
0.022
0.024
0.2206272
0
0.054
-0.1946272
0.0503136
0.210784
-0.022
0.1704704
0.042
0.03
0.002
0.006
-0.1024704
0.1524704
0.024
-0.188784
0.048
-0.016
-0.0039216
-0.1765488
0.006
0.056
0.0183136
-0.042
0.032
0.1647056
-0.008
0.182784
-0.002
-0.0985488
0.012
0.046
0.02
0.012
0.008
-0.004
0.046
-0.004
0.2667056
0.01
-0.012
-0.022
-0.1103136
0.1747056
-0.03
-0.004
0.002
-0.026
-0.01
-0.038
0.0482352
-0.01
-0.042
0.0341568
0.1106272
0.02
0
-0.014
0.028
0.112392
-7.8399999999999e-05
0.006
0.0160784
0.02
-0.0341568
-0.02
0.1284704
-0.024
-0.024
0.032
-0.114392
0.008
-0.1405488
-0.01
-0.002
0.046
0.05
0.1345488
-0.0421568
-0.004
-0.006
-0.0481568
-0.02
0.006
0
0.006
-0.0863136
-0.0923136
-0.014
0.01
0.1967056
-0.016
-0.06
-0.018
-0.0743136
0.0943136
0.022
-0.1626272
-0.032
-0.03
-0.2527056
0.026
-0.0098432
-0.04
-0.018
0
0.004
-0.016
-0.006
-0.0281568
-0.066
-0.146392
-0.0500784
0.006
0.018
-0.046
0.0581568
0
-0.002
-0.2387056
0
-0.0502352
-0.1185488
0.046
0.006
-0.006
-0.006
0.004
-0.016
-0.0382352
-0.016
-0.006
0.006
0.018
0.022
0.022
0.0200784
-0.1485488
0.1444704
-0.048
-0.01
0.066
0.0482352
-0.06
0.02
0.002
0.1522352
0.046
-0.1627056
0.0460784
-0.026
0.014
-0.1785488
-0.1345488
-0.03
-0.0499216
-0.004
0.084392
0.002
0.012
0.018
-0.0682352
0.140392
0.006
-0.01
7.8400000000003e-05
0.054
0.006
-0.006
0.1725488
0.012
0.05
-0.0379216
0.06
0.1647056
-0.012
-0.016
-0.0300784
0.04
0.004
-0.012
0.004
0
-0.042
0.0179216
0.0985488
-0.034
0.0160784
-0.012
-0.0702352
-0.018
0.004
-0.006
-0.022
-0.018
0
-0.018
0.2126272
-0.2406272
0.1204704
0
0.1567056
0.018
-0.0842352
-0.01
0.006
-0.022
-0.016
0.0400784
-0.1867056
-0.1486272
0.148392
0.0420784
-0.046
-0.054
-0.046
-0.016
0.014
0.046
0
0.05
-0.068
-0.01
-0.072
0.036
0.018
-0.1505488
-0.1042352
-0.0378432
-0.032
-0.1927056
0.068392
0.1646272
-0.0583136
-0.2307056
-0.012
0.0100784
0.006
-0.106392
-0.212784
0.1564704
-0.012
0
-0.018
-0.012
0.032
0
0.098392
0
-0.0240784
-0.04
-0.0403136
-0.102392
-0.106392
-0.022
0.05
0.0823136
-0.1345488
0.0461568
0.176784
0.012
0.038
-0.1204704
0.012
-0.0983136
-0.112392
-0.042
0.1304704
0.002
-0.038
0.0722352
-0.1207056
0.042
-0.0258432
-0.034
0.036
0.056
-0.054
-0.0403136
0.002
-0.082
-0.004
0.008
0.04
0.018
0.1686272
0.012
-0.004
0.098392
-0.018
0.04
-0.008
0.0621568
-0.1906272
-0.046
0.006
0.006
0.006
0.0866272
-0.0543136
0.08
0.1287056
-0.072
-0.022
-0.088392
-0.024
-0.1543136
0.056
0.024
-0.024
0.028
0.008
0.2687056
0.066
0.2005488
-0.0562352
-0.022
0
0.0842352
-0.0099216
0.01
0.026
-0.1124704
0.052
0.1747056
0.048
-0.006
-0.006
0.03
0.2007056
-0.1885488
-0.1646272
-0.026
-0.004
-0.0803136
0.196784
-0.1087056
0.01
0.018
0.1000784
0.0019216
0.1384704
0.120392
-0.0883136
-0.026
0.0101568
-0.1204704
-0.004
-0.01
-0.1386272
-0.006
0.1364704
0.024
-0.1827056
-0.01
0.054
0.0178432
0.05
-0.004
0.1426272
0.064
-0.1886272
0.1324704
0.0944704
0.02
-0.042
0.04
0.0363136
0.04
-0.008
0.004
0.01
0.024
-0.046
0.016
0.01
0.038
-0.1627056
0.0403136
-0.0803136
0.054
-0.01
0.1705488
0.006
-0.03
0.02
0.1304704
0.1344704
-0.016
-0.1827056
-0.04
0.028
-0.0101568
0
-0.012
0.032
0.1505488
-0.01
-0.0542352
-0.04
0.1386272
0.03
-0.012
-0.0440784
0.0401568
0.130392
-0.002
0.074
-0.1204704
-0.062
0.1385488
-0.01
-0.066
-0.0082352
0.1606272
-0.006
-0.002
0.104
0.202784
-0.0803136
0.1405488
0
-0.006
-0.004
-0.074
0.0519216
0.0283136
0.006
0.04
0
0.0341568
-0.022
-0.076392
-0.006
0.03
-0.018
-0.1606272
0.1507056
0.006
0.0882352
0.022
0.07
-0.074
-0.0120784
-0.2045488
0.036
-0.1285488
0.034
0.0200784
0.006
0.004
-0.0062352
0.082392
0.1344704
0.188784
0.006
-0.004
-0.068
-0.1547056
0.008
-0.2146272
0.016
0.0641568
0
-0.238784
-0.016
-0.03
0.0824704
0.0359216
0.042
-0.028
0.220784
-0.012
0.04
-0.112392
-0.1846272
-0.008
0.0702352
0.016
0.01
-0.01
0.064
-0.004
0.022
-0.056
-0.024
0.0300784
0.1424704
-0.108
0.022
-0.194784
0.066
0.04
0.01
-0.008
-0.028
-0.012
0.180784
-0.0102352
0.01
0.1645488
-0.0321568
-0.028
0.042
-0.1386272
-0.01
0.1102352
-0.012
0.036
0.04
-0.048
0.1323136
0.016
-0.1886272
0.05
0.2026272
0.0923136
0.0883136
0
-0.058
-0.0844704
0.024
-0.1203136
-0.016
0.03
0.004
-0.2046272
-0.016
-0.1505488
-0.044
0.05
0.01
0.008
0.046
0.046
0.0801568
0.002
0.038
-0.03
0.042
0.006
-0.038
0.02
0.002
-0.1165488
0
-0.03
-0.0118432
0.1927056
0.0803136
-0.068
-0.076392
-0.1745488
0.016
0.0360784
0.006
0.012
-0.006
-0.01
-0.236784
-0.036
-0.1505488
-0.03
0.0140784
-0.0562352
-0.1165488
-0.024
0
-0.1544704
0.05
0.1927056
0
-0.0683136
0.122
0.1424704
0.012
-0.006
0.012
-0.046
0.1847056
-0.024
-0.004
-0.024
0.03
0.004
-0.008
0.01
0
0.1164704
-0.022
0
0.0643136
0.0020784
-0.056
-0.1807056
0.036
0.03
-0.030392
0.1747056
0.02
-0.024
0.018
-0.244784
0.01
0.1947056
-0.0341568
0.024
0.052
0.008
-0.1646272
0.038
0.1786272
0.090392
0.036
0
-0.024
0.0723136
0.2306272
-0.012
0.1223136
-0.218784
-0.028
-0.028
0
-0.034
-0.1
-0.014
-0.016
-0.0422352
0.1444704
-0.07
-0.012
-0.088
0.018
-0.036
-0.0986272
-0.01
0.1846272
0.008
-0.004
-0.2027056
0.008
-0.1284704
0.07
0
-0.01
0
0.004
-0.1064704
0.048
0.042
-0.0198432
0.1904704
-0.068
0.0320784
-0.1525488
-0.006
0.024
0.024
0.024
-0.066
0.018
0.004
-0.1462352
-0.1566272
0
-0.0118432
-0.012
0.0823136
0.064
0.016
-0.048
0.078
-0.004
0
0.054
-0.278784
-0.024
0.0142352
-0.018
0.038
-0.006
-0.116392
-0.052392
-0.028
0.100392
-0.1887056
0.0280784
-0.008
0
-0.018
0.044
0.012
-0.01
0.018
0.006
0.084392
-0.018
0.012
-0.03
-0.04
-0.012
-0.200784
0.1223136
-0.002
0.0500784
0.0140784
0
-0.0923136
0.0780784
-0.2027056
-0.1324704
-0.044
-0.0281568
-0.0701568
0.01
-0.1805488
0
-0.01
-0.006
-0.006
0.0142352
0.0360784
-0.012
0.034
-0.01
0.0503136
0.036
0.054
-0.1285488
0.03
-0.01
-0.0562352
-0.1945488
-0.006
-0.104392
0.048
0
0.03
0.02
-0.0241568
-0.01
0
-0.006
0.036
-0.032
0.2107056
-0.008
-0.048
0.032
0.0481568
-0.1185488
0.02
-0.0080784
-0.0140784
0.216784
-0.014
-0.048
-0.034
0
-0.022
-0.0601568
-0.1945488
-0.0482352
0
-0.02
-0.0401568
0.01
-0.004
-0.01
0.03
0.022
0.2627056
0.1424704
-0.1465488
-0.1405488
0.004
-0.006
0.0481568
-0.016
-0.038
-0.048
-0.002
0.012
-0.034
0.004
-0.018
-0.0503136
0.0320784
-0.034
-0.026
-0.05
0.204784
0.1023136
0.0300784
0.018
0.1987056
-0.02
-0.024
0.0584704
-0.034
-0.022
-0.1525488
-0.1706272
0.07
0.1506272
-0.230784
0
-0.038
-0.1525488
-0.036
0.0118432
-0.01
0.006
-0.006
0.018
-0.012
-0.012
0.03
0.112392
0.0701568
0.112392
0.0500784
0.0339216
-0.024
-0.0686272
0.072
-0.06
-0.0702352
-0.034
-0.2147056
0.188784
0.012
0.02
0.1546272
0.182784
-0.018
-0.006
-0.0521568
-0.066
-0.04
0.02
0.0703136
0.03
0.268784
0.012
-0.006
-0.012
-0.0140784
0.012
-0.018
0.048
0.02
-0.018
-0.024
0.006
-0.1405488
0.032
-0.012
0
-0.002
0.0121568
0.008
0.022
-0.004
0.04
0.052
0.072
-0.0579216
-0.018
-0.1666272
-0.036
-0.1086272
0.2227056
0.056
0.0583136
0.016
-0.2106272
-0.146392
-0.01
0.0800784
-0.0502352
0
0.084
-0.170784
-0.206784
-0.0821568
0.032
-0.0221568
-0.1285488
0.0380784
-0.024
-0.2327056
-0.004
0.0099216
-0.012
-0.006
0.0941568
0.008
0.1805488
0.0762352
-0.1525488
0.008
-0.0300784
-0.004
0.0542352
0.148784
-0.058
-0.028
-0.200784
-0.1606272
-0.024
0.018
-0.1607056
-0.01
0.018
0.06
-0.1366272
-0.066
0.1264704
-0.2007056
0.0359216
0.196784
0.1565488
-0.100392
0.008
-0.006
0.034
0.0041568
-0.01
0.1726272
-0.218784
-0.0424704
-0.142784
0.096392
-0.124392
0.0583136
0.006
0.012
-0.006
-0.04
0.06
0.006
0.042
0.008
0.034
0.036
-0.146392
0.026
-0.026
-0.206784
0
0.008
0.038
-0.006
-0.0522352
-0.0159216
0.036
0.024
-0.1404704
-0.01
-0.1546272
0.006
-0.024
0.1585488
0.1105488
0.012
-0.044
-0.1387056
-0.006
-0.0361568
-0.126392
0.01
0.1026272
0.0843136
-0.0362352
-0.1507056
0.05
-0.006
0
0.0179216
-0.04
-0.066
-0.1125488
0.004
0.022
0.162784
-0.1023136
0.004
-0.04
0.028
-0.206784
0.066392
0.0722352
0.190784
-0.1504704
0.1505488
0
-0.022
0
0.054
0.022
0.006
0.0140784
0.212784
-0.022
0.022
0.01
0
-0.218784
-0.166784
0.036
0.1407056
-0.024
0.004
0.004
-0.03
0.03
-0.012
0.032
0.028
-0.0602352
0.04
0
0.1525488
-0.0160784
-0.104392
0.01
-0.008
0.1022352
-0.198784
0.004
-0.026
-0.038
0.01
-0.02
-0.032
-0.036
0.024
0.01
0.0139216
-0.084392
0.004
0.05
-0.022
-0.0018432
0.01
-0.012
0.016
-0.1405488
0.146392
0.004
-0.04
-0.06
-0.2167056
-0.068
0.012
-0.014
0.012
-0.112392
-0.01
0.1264704
-0.170784
-0.07
0.012
-0.046
0
-0.012
0.006
0.024
0.022
0.230784
0.018
0.002
-0.034
0.194784
0.012
-0.0740784
-0.0563136
-0.1504704
-0.044
0.03
0.018
0.0080784
0.028
-0.004
0.018
0.024
0.006
0.012
-0.2026272
-0.006
-0.0461568
0.016
0.016
0.038
0.0443136
0.1323136
0.022
-0.03
-0.088
0.1065488
0.054
-0.044
0.1844704
0
0
-0.0662352
-0.006
0.024
0.01
0.0401568
0.006
0.0722352
0
0.008
0.03
0.1024704
0.2107056
0.012
0.016
-0.1183136
0.0501568
0.1666272
0.052392
0.012
0
-0.1405488
-0.04
0.01
-0.002
-0.0521568
0.0483136
0
0.072
-0.048
0.1222352
-0.012
-0.0062352
0.01
-0.1626272
0.0580784
0.012
0.198784
-0.012
-0.0844704
0.008
0.016
-0.066
-0.024
-0.01
0.012
-0.210784
0.1187056
-0.0342352
0.1325488
0.018
-0.036
-0.036
0.0200784
-0.012
0.080392
0.01
-0.200784
-0.0400784
-0.032
0.042
-0.026
0.2287056
-0.1786272
-0.054
0.0140784
-0.066
-0.018
0.058
0.1385488
-0.006
0.026
0.006
0.052
0.026
0.1304704
-0.016
0.038
-0.1384704
-0.1104704
-0.03
-0.1446272
-0.0861568
-0.076392
0.01
0.012
0.102
0.168784
0.018
0.006
-0.014
-0.194784
0.1827056
0
-0.042
-0.0421568
0.014
0.068
-0.006
0
0.014
-0.098
0.018
0.154392
-0.1104704
-0.118392
-0.07
0
0.0541568
0
0.1787056
-0.008
0.074
-0.008
0
-0.036
-0.046
0.0440784
-0.06
0.03
0.222784
0.1305488
0.016
0
-0.034
-0.004
0.1566272
0
0
-0.006
-0.01
0.1506272
0
-0.0260784
-0.016
-0.056
-0.006
0.01
-0.024
0.1205488
-0.1001568
-0.054
-0.018
-0.1685488
-0.002
-0.1985488
0.05
-0.006
-0.042
0
0.1324704
0.012
-0.0240784
-0.014
-0.018
-0.054
-0.054392
0
-0.016
0.004
-0.018
-0.1145488
0.036
-0.1707056
0.1405488
0
0.038
-0.194784
-0.1807056
0.1204704
-0.0603136
-0.1787056
0.012
0.1405488
-0.04
0.018
-0.194784
-0.02
-0.054
-0.0661568
0.1207056
-0.096
-0.04
0
0.042
-0.016
-0.01
0.01
0.1204704
-0.0302352
-0.016
-0.1445488
0.084
-0.0282352
0.2167056
0.002
0.062
-0.0161568
-0.0823136
0.01
-0.016
0.022
-0.044
-0.1266272
-0.044
-0.012
0.1687056
0.016
-0.01
-0.046
-0.038
-0.0462352
-0.006
-0.2447056
-0.2347056
0.206784
0.01
-0.052
-0.028
0.032
0.004
0.1285488
-0.1006272
0.014
-0.1420784
0.1987056
0
-0.1447056
-0.0665488
0.0580784
-0.1747056
0.194784
0.03
-0.048
0.0039216
-0.006
-0.01
-0.1286272
-0.038
-0.0282352
0.01
0.004
0.0662352
0.0200784
0.224784
0.044
0.072
0.042
0
-0.1405488
-0.084392
0.0582352
0.042
0.1807056
-0.006
0.136392
-0.062
-0.01
0.03
-0.01
-0.0619216
-0.054
-0.016
0.0360784
0.022
-0.042
-0.018
-0.01
0.04
0.068392
0
-0.012
0.052
0.1084704
0.028
-0.03
0.200784
0.082
-0.0621568
-0.058
0.1384704
-0.052
0.0602352
0.206784
-0.032
0.014
-0.018
-0.0400784
-0.014
0.078
-0.04
0.1546272
0.01
0
0.048
0.012
0.0360784
0
-0.022
0.0745488
-0.028
-0.01
0.012
-0.016
-0.036
-0.140392
0
-0.012
-0.198784
-0.1847056
-0.1666272
0.03
0.046
0.006
0.1062352
0
-0.1807056
0.0263136
0.006
-0.086392
-0.024
0.01
-0.018
0.01
0.1024704
0.1145488
-0.066
-0.008
0.1104704
0.1525488
-0.006
-0.006
-0.02
-0.01
-0.0140784
-0.2007056
-0.170784
-0.1627056
-0.1726272
0.048
0.026
0.1826272
-0.006
0
-0.1523136
-0.1784704
-0.012
0.042
-0.028
-0.028
0.0721568
0.0720784
0.2365488
-0.056
0.01
-0.0261568
0.022
-0.024
0
0.1505488
0.006
-0.1506272
0.032
-0.018
-0.06
-0.100392
-0.004
-0.1606272
0.004
0.0462352
-0.028
0.124392
0.016
-0.008
0.068
0.012
0.1023136
-0.016
-0.1323136
0.220784
0.0602352
0.006
-0.0966272
0.032
-0.012
0
-0.05
0.2107056
0.100392
-0.032
-0.01
0.002
-0.0278432
0.004
0.002
0.124392
-0.048
0.02
0.006
0.028
0.1726272
-0.0803136
-0.006
-0.016
0.1885488
0.024
0.2027056
-0.0722352
-0.146392
0.058
-0.02
0.02
0
-0.024
0.0360784
-0.0481568
-0.1244704
-0.022
-0.052
0.2106272
-0.034
-0.002
0.01
0.0661568
0.0420784
0.036
0
-0.006
0.1143136
0.016
0.1307056
-0.03
-0.1205488
0.0422352
0.012
-0.018
-0.042
-0.016
0.158784
0.016
0.006
0.01
-0.112392
0.028
0.01
-0.250784
0.006
0
0.016
0
-0.0623136
-0.1001568
-0.02
0.0242352
-0.194784
-0.01
0.1466272
0.012
-0.04
-0.006
0
0.026
-0.2247056
-0.062
-0.016
-0.1746272
0.062
0.01
0.002
-0.0603136
-0.0281568
0
-0.0200784
-0.01
0.002
0.012
0.0623136
-0.01
-0.2126272
-0.168784
-0.014
-0.106392
-0.0602352
-0.01
-0.098392
-0.0280784
0.054392
0.01
-0.066
-0.2047056
-0.01
-0.004
0.044
-0.0142352
0.0601568
-0.03
0.006
0.152784
-0.262784
0.054
-0.018
0.03
-0.108392
-0.1364704
0.0521568
-0.0845488
0.024
0
0.016
-0.1585488
0.01
0.0923136
0
-0.01
-0.124392
0.212784
0.206784
0.016
0.1667056
0.004
0.048
-0.0059216
0.02
-0.008
-0.0701568
0.0620784
-0.0501568
0.2447056
-0.1223136
-0.022
-0.0683136
0.004
-0.072
-0.058
0.018
-0.024
0.048
-0.05
0.034
0.0642352
0.02
-0.012
0.062
0.106392
0.008
0.02
-0.006
0.012
0.01
-0.236784
0.018
0.024
0.032
-0.01
-0.024
-0.02
0
0.04
0.028
0.09
-0.01
-0.1927056
0.002
-0.1307056
-0.006
-0.042
-0.018
-0.004
-0.006
-0.0803136
0
-0.0882352
-0.01
-0.1867056
0.068
0.034
0.0059216
-0.004
0.016
-0.034
-0.006
0.04
0
-0.022
0.0743136
0.2006272
0.2126272
0.01
0.002
0.004
0.0622352
0.0922352
-0.01
0.05
-0.2227056
0.1304704
-0.03
0.1426272
-0.054
-0.1766272
0.064
0.008
-0.1606272
0.064
-0.0381568
-0.002
0.012
-0.048
-0.006
0.0582352
-0.084
-0.002
-0.01
-0.0542352
0.1023136
-0.0380784
-0.198784
0.01
-0.0196864
-0.1827056
0.1526272
0.006
0.01
-0.088392
0.026
0.1325488
-0.03
-0.06
-0.016
0.0360784
0.1867056
-0.0221568
0
-0.2207056
0.004
-0.046
-0.0362352
0
0.006
0.02
-0.054
-0.0199216
-0.006
-0.1465488
0.022
0.012
0.04
0.01
0.2007056
0.006
-0.0924704
0.006
-0.012
-0.042
-0.1507056
0.01
-0.200784
-0.176784
-0.006
0.038
0.006
-0.174784
-0.026
-0.1927056
-0.0461568
0.1043136
-0.046
-0.012
-0.024
0.0422352
-0.0803136
-0.024
-0.0580784
-0.016
-0.0080784
0.016
-0.160784
0.058
0.02
0.048
-0.082
0.018
0.1947056
0.002
0.024
0.0703136
-0.0763136
-0.012
0.054
-0.1365488
-0.04
0.168784
0.1447056
0.046
-0.04
-0.01
-0.034
-0.016
0.1263136
0.0602352
-0.04
-0.212784
0.01
0.1626272
0
-0.038
-0.016
-0.006
-0.1305488
-0.036
-0.1707056
-0.018
-0.024
-0.044
0.036
-0.0521568
-0.03
0
-0.022
0.02
0.012
0.004
-0.006
-0.056
-0.016
0.0140784
0.0683136
0.004
-0.01
0.046
0.01
-0.012
-0.016
-0.1747056
-0.016
0.0021568
0.006
0.026
-0.118392
0.01
0.018
0
-0.048
0.03
-0.082
-0.056
-0.016
-0.0842352
-0.018
0.004
-0.034
-0.052
0.004
0.032
-0.0201568
-0.1486272
-0.066
0.0380784
0.018
-0.022
0.026
-0.032
-0.026
-0.1363136
-0.052
-0.096
-0.176784
-0.1102352
0
0.06
0.1806272
0.112392
0.1706272
-0.1304704
0.002
-0.014
-0.006
0.014
-0.1144704
0.02
-0.1045488
0.04
-0.034
0.006
0.1605488
-0.1664704
0.018
-0.016
0.004
-0.0923136
-0.04
-0.06
0.014
-0.1565488
-0.0341568
0
0.042
0.0984704
0.1403136
0.058
0.006
0.1004704
0.076392
-0.1846272
0.014
0.012
-0.022
0.006
-0.012
0.058
-0.006
-0.004
0.0539216
-0.012
-0.1985488
0.076392
-0.028
0.058
0.026
0.046
-0.152784
-0.1626272
-0.016
-0.002
-0.1544704
0.01
0.024
0.05
0.1065488
0.052
0.0985488
-0.068
0.006
-0.012
-0.0600784
0.02
0.1227056
0.05
0.042
0.0640784
-0.032
0.046
-0.01
0.002
-0.038
-0.046
-0.0441568
-0.1
0.008
0.004
0.1766272
0.1707056
-0.034
0.0964704
-0.190784
0.026
0
-0.026
-0.014
0.0281568
-0.224784
-7.8399999999999e-05
0.0843136
-0.032
0.006
0.0984704
0.008
-0.1005488
-0.1024704
0.0662352
0.1707056
0.0181568
0.0500784
0.014
-0.0160784
0.1847056
0.0300784
0
-0.1146272
0
0.0100784
0.03
0.008
0.016
-0.018
0.1585488
0.004
0.006
-0.134392
-0.02
0.002
-0.024
0.0563136
0.01
0.1182352
-0.004
-0.2226272
0.046
-0.0260784
-0.0964704
-0.01
-0.002
0.012
-0.074392
0.198784
0.052
0
0.02
-0.1867056
0.0480784
0.036
-0.1180784
0
-0.004
-0.032
-0.0480784
0.006
-0.01
0.0945488
0.1587056
0.008
-0.046
0.1244704
-0.1466272
-0.046
-0.034
0
0.018
0.120392
0.1424704
0.0782352
-0.006
-0.024
-0.1444704
0.094
-0.012
0.012
-0.204784
-0.028
0.0941568
0.026
-0.1004704
0
-0.0422352
-0.1084704
0.136392
-0.04
0.0062352
0.026
0.1143136
-0.1346272
-0.002
-0.1324704
-0.006
0.0181568
0.1244704
0
-0.0281568
0.0302352
0.018
0.132392
7.8399999999999e-05
-0.0844704
-0.01
0.028
-0.100392
-0.086
-0.1687056
0.1143136
-0.012
0.01
-0.02
0.0443136
-0.026
0.1546272
-0.0701568
0.066
0.036
0.164392
0.06
-0.024
0.01
-0.016
0.038
-0.024
-0.024
0.0601568
0.022
-0.02
0.016
-0.1507056
0.1807056
0.02
0.042
0.014
0.1405488
-0.2007056
0.054
-0.206784
-0.012
0.018
-0.1264704
0
-0.1342352
-0.002
-0.042
0.016
0
-0.002
-0.008
0.002
0
-0.022
-0.006
-0.2026272
-0.07
0.01
-0.034
-0.118392
-0.028
-0.004
-0.048
-0.0701568
0.0782352
0.01
-0.1103136
0.01
0.012
-0.068
0.016
-0.084392
0.0360784
-0.0401568
0.016
-0.0343136
-0.028
0.024
0.0702352
-0.0263136
0.0682352
0.1226272
0.112392
-0.03
-0.008
-0.018
-0.0905488
0.03
-0.044
-0.01
-0.176784
0.188784
0.016
0.1463136
0.012
-0.1504704
0.03
0.012
0.022
0.0084704
0.01
-0.052
0.04
0.03
-0.04
-0.018
-0.116392
0.1666272
0.01
0.024
-0.006
-0.014
0.1023136
0.004
0.038
0
0.028
-0.0200784
0.0540784
0.02
-0.1
0.1105488
-0.052
0.0140784
-0.01
0.1546272
0.016
0
0.04
-0.1646272
0.018
0.018
0.2467056
-0.048
-0.1206272
-0.038
0.014
-0.0381568
-0.182784
0.0904704
0.018
-0.03
-0.056
-0.038
0.034
-0.024
-0.002
0.1386272
-0.016
-0.058
-0.004
0.024
-0.01
0.01
-0.018
0.01
0.054
0.02
-0.048
-0.022
0.0320784
-0.006
-0.022
-0.01
-0.1705488
0.02
-0.01
-0.012
0.058
-0.006
0
0.0923136
0.002
-0.1387056
0.0502352
0.02
0.006
-0.012
0
0
0.1546272
-0.1527056
0.002
0.0860784
0.018
0.200784
-0.0643136
-0.012
-0.1667056
-0.016
-0.018
-0.036
0.016
0.0702352
0.0604704
0.048
0.0401568
0.016
0.048
-0.0401568
0.1747056
0.072
-0.034
0.0682352
0.04
-0.02
0.150784
0
0.024
0.026
-0.0521568
0.058
0.1065488
0.056
0.004
0.066
0.0722352
0.006
0.024
-0.002
-0.074
0.1002352
0.04
-0.012
0.03
-0.0140784
0.008
0.06
0.06
-0.0923136
-0.026
0.0964704
-0.04
0.01
-0.01
0.1824704
0.016
-0.006
-0.06
0
0.052
0.048
-0.2007056
-0.002
0.012
-0.1264704
0.048
0.036
0
-0.02
-0.02
-0.2125488
-0.06
0
0.036
-0.01
-0.024
0.034
0.022
0.0902352
-0.1345488
-0.1124704
-0.026
0.1565488
0.006
0.01
-0.002
0.054
0.034
0
0.036
0.1043136
0.04
-0.090392
0.1225488
-0.052
-0.0200784
0.076
0.02
0.036
0.246784
-0.198784
-0.012
0.0421568
-0.034
0.042
0.03
-0.002
0.018
-0.036
0.072
-0.014
0.036
-0.1163136
0.024
-0.022
0
0.01
-0.008
0.0962352
0.022
-0.012
-0.0179216
0.0143136
-0.108
0.002
0.0602352
0.0301568
-0.2247056
0.200784
-0.074
0.0983136
0.032
0.046
0.01
-0.002
-0.012
0.026
-0.04
0.058392
-0.052
0.1526272
0.06
-0.038
0
0.1825488
-0.024
-0.0422352
0.036
-0.090392
-0.0642352
-0.0100784
0.002
-0.172784
-0.054
0.03
-0.0383136
-0.1625488
0.02
0.2047056
-0.1305488
0.038
0.018
-0.012
-0.1
0.014
-0.04
0.062
-0.0722352
-0.006
0.048
-0.096
-0.052
0.034
0.02
-0.036
-0.006
-0.0358432
-0.086
0.200784
-0.032
-0.152392
0
0.036
-0.106392
0.01
0.034
0.0581568
0.1285488
0.01
0
-0.200784
0.2507056
-0.0279216
-0.1465488
-0.1125488
0.018
-0.0523136
0.1547056
0.006
0.028
0.026
-0.0520784
0.204784
0.0442352
-0.028
0.2366272
-0.038
0.028
0
-0.1526272
0
-0.0241568
0.1526272
-0.002
0.066
-0.04
-0.028
0
0.1567056
0.018
-0.0561568
0.01
0.03
0.1465488
-0.044
-0.1327056
-0.024
0.02
0.006
-0.226784
0.01
0.02
0.0358432
0.066
0.0603136
-0.090392
-0.016
-0.1606272
-0.134392
0
-0.046
0.022
-0.024
-0.018
0.01
0.006
-0.218784
-0.028
-0.034
0.07
-0.0963136
0.204784
0
-0.112392
0.1327056
-0.004
0.024
-0.004
0.158784
0.016
0.210784
0.0903136
-0.036
0.016
-0.036
-0.054392
-0.004
-0.026
0.006
0.1825488
-0.028
-0.2607056
-0.264784
-0.034
0.2267056
0.036
0.022
0.02
0.1425488
0.1726272
0.0037648
0.0040784
-0.028
-0.198784
0.076
0.018
0.1366272
-0.0900784
-0.2186272
-0.1986272
-0.012
0.066
0.1786272
0.004
-0.1585488
0.0661568
0.006
0.02
-0.128392
0.0501568
-0.002
0
-0.200784
-0.2065488
0
-0.256784
0.194784
0.110392
-0.1365488
-0.022
0.1244704
-0.0361568
-0.028
0.0260784
-0.1987056
0
0.016
0.018
0.012
-0.0261568
-0.01
0.024
0.032
0.0902352
-0.046
-0.05
-0.0823136
-0.012
-0.106392
-0.006
0.006
0.038
0.048
0.04
-0.016
0.0079216
-0.03
0.0139216
-0.06
0.03
0.066
0.028
0.038
-0.026
0.1223136
-0.01
-0.004
0.012
0.0200784
-0.052
0
0.118392
-0.02
0.086392
0.012
-0.2226272
-0.022
-0.206784
-0.094392
-0.0803136
-0.028
0.024
0.016
-0.240784
0.012
0.04
0
0.0703136
0.0701568
0.164784
0.01
-0.006
0.074
-0.242784
-0.022
-0.078
-0.012
-0.01
-0.01
0.170784
0.1404704
0.1767056
-0.002
0.012
-0.01
-0.022
0
0.114392
0.0160784
-0.0823136
-0.0003136
0.2307056
0.1165488
0.012
0.012
0.1907056
0.0702352
0.01
0
-0.1204704
0.004
-0.006
-0.002
-0.026
-0.018
-0.02
-0.018
0.004
-0.218784
0.03
0.0361568
-0.0683136
-0.07
0.044
-0.102392
-0.0702352
0.022
0.016
-0.1605488
-0.018
-0.200784
0.0963136
-0.154392
0.01
0
-0.062
0.062
0.034
0.016
0.018
0.01
-0.012
-0.0985488
0.070392
-0.012
-0.014
0
0.028
-0.024
0.002
-0.0662352
0.014
0.026
-0.0986272
-0.018
-0.082
0.1587056
0.242784
0.066
0.04
-0.004
-0.086392
-0.046
-0.008
-0.0801568
0.006
0.026
0.006
0.1606272
-0.026
0.01
-0.0964704
0.1907056
0.1364704
0.03
-0.006
-0.200784
-0.1165488
-0.0080784
-0.1746272
0.1186272
0.1584704
-0.012
0.006
-0.01
-0.09
-0.014
0.0560784
0.214784
0
0.1083136
-0.124392
0.02
0.01
-0.0141568
-0.0581568
-0.024
0.036
0.1546272
0.044392
0.0621568
0
-0.006
-0.01
-0.0702352
0.046
0.124392
0.008
0.018
-0.01
0.01
-0.024
0.002
-0.0099216
0.028
-0.252784
0.03
-0.112392
0
-0.012
0.2305488
-0.048
0.174784
-0.02
0.0761568
0.006
-0.01
0.07
-0.056
0.1905488
0.034
0
0.1587056
-0.0240784
-0.142392
-0.0097648
0.0963136
0.026
0.0320784
-0.1504704
-0.0423136
-0.0461568
0.0623136
-0.048
-0.02
0.026
-0.04
0.074
-0.0482352
0.088392
-0.01
-0.012
0
0.1726272
0
0.046
-0.0122352
0.034
-0.2207056
0.01
-0.02
-0.018
0.028
0.018
0.060392
0.034
0
0.006
0.052
0.01
0.1146272
-0.036
-0.142784
0.054
0.0563136
0
-0.01
0.024
-0.1104704
0.01
-0.032
-0.1345488
0.252784
0
-0.018
0.004
0.0362352
-0.006
-0.01
0.0100784
-0.016
-0.036
-0.016
-0.028
0.0883136
0.0724704
-0.07
-0.0523136
0.016
0.0962352
-0.1586272
0.1906272
0.022
-0.006
0.0621568
-0.0461568
-0.02
0.024
0.044
0.006
-0.02
-0.012
0.042
-0.060392
-0.04
-0.202784
0.1227056
-0.068
-0.1766272
-0.002
-0.006
-0.002
0.006
-0.1985488
0
0.02
0.048
0
-0.0140784
-0.012
-0.004
0.032
-0.260784
-0.01
0.064
0.052
-0.04
-0.090392
0.0221568
0.0364704
0.1144704
-0.042
0.056
0.0020784
0.1506272
-0.1202352
-0.04
-0.02
0.088392
-0.012
0.0341568
0.0120784
0.024
0.046
0.09
-0.036
0.01
0.028
0.07
0.1685488
-0.03
-0.0021568
0.046
0.022
0.006
-0.01
0.05
0.1787056
0.04
0
0
-0.008
0.0160784
-0.01
0.002
-0.1064704
0.086392
0.01
-0.1183136
0.012
0.050392
0.1223136
-0.004
-0.066
0.0963136
0.02
0.0422352
0.002
0.006
0.028
-0.03
-0.036
0.1285488
-0.052
0.0703136
-0.04
0.034
-0.006
-0.012
0.054
0.018
0.06
0.03
-0.106392
-0.1323136
-0.0664704
0.1525488
-0.006
-0.034
0.0565488
0.066
0.052
0.1767056
0.072
0.1665488
0.01
0.026
0.026
-0.022
-0.012
-0.032
0.002
-0.1144704
0.0301568
-0.1767056
0.074
0.1625488
-0.048
0.02
0
0.05
-0.016
0.1165488
-0.02
0.1226272
-0.008
0
-0.1404704
-0.01
-0.026
-0.066
0.0242352
-0.0944704
-0.006
0.1525488
-0.1747056
-0.01
-0.01
-0.1807056
-0.014
-0.1405488
-0.006
-0.036
0
0.03
0.07
-0.024
-0.1043136
0.042
0.1684704
-0.0583136
-0.1587056
-0.02
-0.1546272
-0.048
-0.07
-0.0964704
0.018
0.0363136
0.184784
0.0560784
0.2047056
0.1927056
0.0643136
0.064
-0.012
0.0903136
-0.004
-0.1486272
0.1845488
-0.052
0
0.0901568
-0.0924704
0.1746272
-0.026
-0.024
0.022
-0.012
0.038
-0.02
0.012
-0.016
-0.088392
0.012
-0.0140784
0
0.0200784
0.046
0.046
0.120392
0.1203136
-0.1487056
0.0581568
0.006
0.166784
-0.03
0.0860784
-0.0602352
0.016
-0.036
-0.01
-0.04
0.016
-0.074
0.1786272
-0.016
0.022
0.016
-0.018
0
-0.048
0.008
-0.0441568
0
0.100392
-0.006
-0.090392
0
0.014
-0.006
0.1505488
0.006
-0.060392
0.002
-0.018
-0.018
0.006
0.1427056
0.02
0.306784
0.052
0.022
-0.1807056
0.206784
-0.004
0.016
-0.2026272
0.006
0.008
0.018
-0.032
0.1546272
-0.06
0.1546272
-0.01
0.07
-0.012
-0.006
0.01
-0.1167056
-0.026
0.0603136
0.042
-0.1906272
-0.0642352
0.022
-0.004
0.078392
0.1647056
-0.1266272
-0.076
0.0602352
-0.1204704
-0.04
-0.0721568
0.048
-0.08
0.0080784
0.022
0.036
0.062
0.006
0.016
-0.0383136
0.018
0.0802352
0.1121568
-0.0240784
-0.0282352
0
0.1485488
0.004
0.1304704
-0.006
0.018
-0.034
-0.048
0.1024704
-0.018
0.006
-0.018
-0.05
0.03
0
0.038
0.1426272
-0.048
0.026
0.2107056
0.006
0.01
-0.2026272
-0.088
0
0.0602352
0.018
0.016
0.028
0.0862352
-0.036
0.054
0.006
0.1606272
0.008
-0.188784
-0.0300784
0.01
-0.0620784
0.048
-0.036
-0.01
0.2007056
0.150784
-0.006
-0.024
-0.052
-0.008
0.008
-0.0743136
0.0363136
0.01
-0.012
-0.236784
-0.01
0.006
-0.0403136
0.104
0.0703136
0.028
-0.1345488
0.0200784
0.06
0.03
-0.042
-0.1324704
0.056
0
0.054
-0.018
0.05
0.1786272
0.042
0
-0.008
-0.0842352
0.038
0.01
-0.184784
0.048
0.046
0.012
0.002
-0.0602352
0.018
0
0.018
-0.004
-0.004
0.1244704
0
0.1845488
-0.006
-0.036
-0.024
0.006
0.008
0.002
-0.042
0.036
-0.048
0.044
0.1686272
0.1865488
0.1124704
-0.05
0.034
0.0361568
0.034
-0.048
0
0.03
0.0723136
0.1465488
-0.022
0.006
0.1103136
0.0401568
-0.006
0.01
0.052
0.004
0.07
0
0.008
0.0864704
0.106392
0.110392
-0.1387056
0.1704704
-0.01
-0.036
0.1484704
0.006
0.026
0.004
-0.1666272
0.016
-0.036
0.018
-0.024
-0.126392
0.026
-0.036
-0.1847056
0.1543136
-0.0200784
0.006
0.200784
0.1425488
-0.0543136
0.0863136
0.0581568
0.0541568
0.0221568
-0.012
-0.036
-0.01
0.1023136
-0.0902352
0.004
-0.104392
0.02
0.0882352
-0.1405488
0.01
0.008
0.006
0.056392
0.04
-0.158392
0.1306272
0.190784
0.1807056
0.0722352
-0.006
0.032
-0.016
0.058
-0.03
0.012
-0.182784
0.006
0.1304704
0.076
-0.034
-0.018
0.03
0
-0.064
0.076
0.04
-0.006
-0.0180784
0.078392
0.004
-0.1564704
0.04
-0.08
-0.01
0.148392
0.1144704
-0.0481568
0.024
0
-0.0623136
0.194784
0.0177648
-0.028
-0.1964704
0.04
0.048
-0.016
0.0501568
0.1247056
-0.178784
0.006
-0.006
-0.1766272
0.024
0.034
0.03
-0.1546272
-0.0803136
-0.012
0.006
-0.07
0
-0.0281568
-0.0901568
0.1066272
-0.1805488
-0.028
-0.018
0.038
-0.008
-0.01
-0.206784
0.0180784
-0.036
0.01
0.002
0
-0.044
-0.0843136
-0.032
-0.004
0.014
0.1346272
0.018
0.022
0.1804704
-0.018
0.01
-0.0403136
-0.012
-0.1527056
0.096392
0.0500784
0.004
0.072
0.002
-0.004
0.024
-0.03
-0.200784
0.04
0.1647056
-0.034
-0.012
0.104392
0.0704704
-0.054
0.1545488
0.062
0.004
-0.1144704
0.102
0.1005488
-0.018
0.02
-0.0140784
-0.018
0.0039216
-0.006
0.028
-0.100392
0.064
-0.006
-0.03
-0.072
0.02
-0.004
0.012
0
-0.1022352
0.0623136
-0.032
-0.0901568
0.042
-0.012
0.012
-0.078392
0.0742352
0.006
-0.1324704
-0.014
-0.098
-0.1645488
0.006
-0.006
-0.0461568
0.018
0.044
0.076392
0.1626272
-0.068
-0.03
-0.032
-0.1426272
-0.006
0.058
-0.102
0.2045488
-0.004
0.032
-0.0301568
-0.004
-0.1646272
0.088
-0.026
-0.026
-0.012
0.1246272
-0.016
0.012
0.032
-0.0923136
-0.1767056
0.012
0.02
-0.0985488
0
0.1304704
-0.212784
0.002
0.048
-0.022
0.1747056
-0.076
-0.016
-0.002
-0.01
-0.03
-0.0099216
0.002
0.05
0.234784
-0.002
0.272784
0
-0.1385488
0.034
0.026
0.036
0.04
0.006
-0.058
0.162392
0.058
-0.0481568
-0.034
-0.022
0.006
-0.0902352
0.048
-0.224784
-0.006
-0.046
-0.1185488
0.034
0.2147056
-0.016
0.004
0.146784
0.036
-0.1807056
0.016
-0.002
0.03
-0.024
-0.012
0.1506272
0.034
-0.1867056
-0.056
0.052
-0.02
-0.048
0
-0.002
-0.022
0.100392
0.006
-0.006
-0.0722352
0.012
-0.062
0.1626272
0.0341568
-0.0501568
0.01
0.006
0
-0.02
-0.018
0.044
-0.254784
-0.014
-0.004
-0.05
0.226784
-0.022
-0.0261568
-0.1124704
0.1506272
0.186784
-0.1767056
0
-0.02
0.028
-0.1526272
0.034
-0.04
0
0.194784
0.1163136
-0.200784
-0.026
0.0161568
0.048
-0.024
0.058
0.056
0.1726272
-0.1306272
-0.036
-0.072
-0.1726272
-0.014
0.022
-0.1324704
-0.1946272
-0.0661568
-0.0983136
0.006
-0.108
0.006
-0.006
0.106392
0.01
-0.1426272
0.006
0.084
-0.028
-0.04
0.002
-0.0122352
0.04
0.0502352
0.2067056
0.0742352
0.008
-0.028
-0.0001568
0.014
0.0642352
0.006
0.044
0.206784
0.01
-0.03
-0.018
0.03
0.044
0.016
0.01
-0.012
0.1042352
0.0640784
-0.01
0.1285488
-0.02
0.006
-0.006
0
0.04
0.022
0.004
0.024
-0.018
0.1905488
0.0824704
-0.03
-0.04
0.012
0.036
-0.026
-0.1227056
-0.1044704
-0.1465488
-0.084392
0.0641568
-0.198784
-0.1205488
0.016
0.02
-0.04
0.1407056
-0.0401568
0.1186272
-0.044
-0.02
-0.028
0.110392
0.01
0.0823136
0.0058432
-0.012
-0.0641568
-0.1306272
-0.054
-0.056
-0.024
0.012
0.1887056
0.052
0.1283136
-0.2146272
-0.0943136
-0.036
-0.024
-0.022
-0.006
-0.0642352
-0.016
0.084392
-0.0380784
-0.024
0
-0.002
-0.1403136
0.066392
0.01
0.042
-0.038
-0.004
-0.1585488
-0.05
-0.014
0.028
-0.042
0.042
-0.0923136
-0.016
0.0583136
-0.1825488
0.0922352
-0.006
0.108392
-0.1826272
-0.228784
0.0361568
-0.1185488
0.168784
0.2087056
-0.02
0.1445488
-0.0122352
-0.002
0
-0.018
0
0.012
-0.016
0.046
0.0703136
0.046
0.2086272
-0.018
-0.048
-0.022
0.0863136
-0.024
-0.2047056
-0.014
0.056
0.066
0.102392
0.0320784
-0.012
0.0662352
0.006
-0.014
0.1967056
-0.1364704
-0.004
-0.024
0.004
0.054
0.218784
-0.006
-0.018
0.034
-0.008
0.012
-0.004
0
-0.1044704
-0.066
-0.0461568
-0.004
-0.078392
0.004
-0.1366272
0.008
-0.0120784
0
-0.0260784
-0.1987056
0.018
-0.01
0.0302352
0.044
-0.042
0
0.032
-0.002
-0.036
0.046
-0.210784
-0.03
0.1807056
0.180784
0.0802352
-0.116392
-0.0602352
-0.008
-0.2107056
0
0.008
-0.026392
0.018
0.044
0.1805488
0.022
-0.054
0.090392
0.01
-0.024
0.0260784
-0.018
0.006
0.1786272
-0.0441568
-0.006
-0.0240784
-0.0101568
0.012
0.012
0.002
0.1
0.012
0.152784
-0.212784
-0.012
0.03
0
0.1285488
-0.190784
0.004
0.054
-0.1125488
-0.028
0
0.1284704
0.1346272
-0.016
0.018
-0.156392
-0.018
-0.016
0.092392
0.1966272
-0.02
-0.004
0
-0.0702352
-0.248784
0
-0.1223136
-0.100392
-0.016
0.006
0.01
-0.038
-0.1306272
0.024
0.002
-0.1523136
-0.076
0.006
-0.004
-0.01
-0.006
0.034
-0.046
-0.018
0.1805488
0.066
0.0761568
0.006
0.008
-0.01
0.1226272
-0.01
0
-0.02
0
-0.006
0
0.124392
0.0260784
0.088392
-0.01
-0.1444704
-0.022
0.1387056
-0.006
-0.0924704
0.1405488
7.8399999999999e-05
-0.006
-0.0643136
-0.022
0.024
-0.048
0.006
0.028
-0.0481568
-0.042
0.01
0.024
0
0.180784
0.01
0.02
-0.090392
0.022
0.01
0.0061568
0.1966272
-0.006
-0.116392
0.01
0.048
0.0080784
-0.002
-0.01
-0.04
0.0141568
-0.018
-0.006
-0.006
0.012
0.004
-0.024
-0.1202352
0.1287056
0.066
0.1465488
0
0.0542352
-0.002
-0.01
-0.1867056
-0.048
0.018
-0.016
0.0683136
0.0801568
-0.052
0.006
0.0079216
-0.03
0.012
-0.024
0.042
-0.01
0.002
0.124392
0
0.1067056
0
-0.1325488
-0.190784
0.036
-0.03
-0.006
0.1567056
0.0882352
0.0921568
-0.1364704
0
0
-0.012
-0.002
0.03
-0.002
0.0420784
0.004
0.022
-0.032
0.0582352
0.1587056
0.0843136
-0.0461568
0.018
-0.026
-0.082392
-0.012
0.0159216
-0.042
-0.0400784
-0.012
-0.078
0.038
-0.008
-0.0096864
-0.2107056
-0.002
-0.006
0.1384704
-0.0701568
0.038
0.1566272
-0.004
-0.004
0.0721568
-0.064
0.078
-0.038
-0.018
0.032
-0.066
0.016
0.1444704
-0.012
0.1305488
-0.0583136
-0.06
-0.0962352
0.016
-0.082
-0.03
0.03
-0.2267056
0.072
0.006
0.1726272
0
-0.09
0.210784
0
0.098
0
-0.106392
0
0.2107056
-0.044
0.012
0.1546272
0.058
0.04
-0.0644704
-0.05
-0.008
0.0621568
0.1826272
-0.0641568
-0.048
-0.006
0.024
-0.1867056
0.0602352
0.022
0.058
-0.190784
0.1807056
-0.078
-0.006
0.02
-0.006
0.200784
0.0200784
0.018
0.0741568
0
-0.018
-0.014
0.022
0.1005488
0.024
0.0621568
-0.1563136
-0.1667056
-0.05
-0.03
0
0.1105488
0.074
0.0423136
0.024
-0.1087056
0.002
-0.012
-0.024
0.008
-0.1747056
-0.012
0.024
-0.176784
-0.1806272
0.054
0.022
-0.01
-0.046
-0.026
-0.048
-0.1126272
-0.1204704
-0.0662352
-0.006
0.024
-0.1407056
0.0762352
-0.154392
-0.212784
0
-0.090392
0.0442352
0.024
-0.048
0.2087056
0.0602352
-0.026
0.026
-0.03
0
-0.1386272
0.1964704
-0.026
-0.054392
0.1306272
0
0.036
0.1807056
-0.054
0.01
0.1926272
0.048
-0.018
0.046
-0.0380784
0.1061568
0.006
-0.204784
-0.002
0.1185488
0.04
0.0440784
0.004
-0.024
0.1304704
-0.02
-0.0302352
-0.006
0.006
-0.0602352
-0.012
-0.052
-0.100392
0.006
-0.0440784
0.1384704
0.01
0.0803136
0.054
0
0.006
-0.0703136
-0.03
-0.05
-0.0020784
-0.012
0.026
0.0863136
0.042
-0.018
0
-0.1747056
0.01
0.016
0
0.0080784
0.0445488
0.1607056
0.02
0.0501568
0.014
0.01
0.1103136
-0.01
0.026
-0.04
-0.026
-0.134392
0.026
-0.0200784
0.1363136
-0.016
0.0643136
0.04
0.022
0.024
0
-0.1865488
0.012
-0.006
-0.0682352
-0.036
0.040392
0.042
-0.034392
-0.01
-0.1465488
-0.006
0.02
-0.014
0.1206272
0.006
-0.0340784
0.1466272
-0.01
-0.102392
0.006
0.012
0.016
-0.048
-0.0784704
0.2027056
-0.09
0.0017648
-0.046
-0.1426272
-0.1366272
-0.008
0
-0.1444704
-0.170784
0.048
0.006
0.022
-0.044
-0.0747056
0
0.03
-0.0722352
0
0.02
0.028
-0.072
-0.2006272
0.1305488
0.012
0.0724704
-0.2047056
-0.1062352
0.0683136
0.022
-0.02
0.1407056
0.0620784
0.1223136
-0.1986272
-0.1744704
-0.0563136
0.016
0.036
0.006
0
-0.066
-0.006
-0.1867056
0.068
-0.094392
0.1605488
-0.0561568
-0.112392
-0.044
0.01
-0.2107056
-0.0562352
0.0200784
0.018
0.044
-0.1165488
0.11
0.0162352
0.060392
0.006
0.006
0.048
-0.024
-0.048
0.2486272
-0.05
0.0681568
-0.1385488
-0.142392
-0.0118432
0.026
-0.002
0
0.054
0.03
0.006
-0.098392
-0.042
-0.01
0.002
-0.0902352
0.1486272
-0.024
0.01
0.024
-0.210784
-0.006
0.112392
-0.016
-0.2044704
0.036
0.0722352
-0.012
-0.014
-0.006
-0.012
0.048
-0.006
-0.0582352
-0.012
-0.042
-0.05
0.006
0
0.006
-0.01
0.05
0.1004704
0.1105488
0.088392
-0.044
-0.06
0.172784
0.018
0.056
0.0402352
-0.012
-0.1663136
-0.03
-0.03
0.03
-0.002
0
0.0523136
0.036
-0.012
0.0722352
-0.05
0.04
0.036
-0.054
0.1445488
-0.024
0.01
0.1525488
-0.032
0.01
0.01
0.058
0.176784
-0.028
0.1627056
0
-0.01
0.052392
0
0.1626272
0.0062352
-0.04
-0.014
0.066
-0.012
-0.036
0.0383136
0.1203136
0.012
-0.002
-0.062
-0.174784
0.006
0.0241568
0
0.006
-0.006
-0.080392
-0.008
-0.118392
0.012
0.272784
-0.006
0.022
-0.026
-0.018
0
0.0602352
0.012
0.188784
-0.012
0.1527056
0.0301568
0
-0.2027056
0
-0.004
0.064
-0.026
0.0723136
-0.03
0.016
0.0501568
-0.0241568
0
-0.1506272
-0.1706272
-0.06
-0.0683136
-0.006
0.178784
0.002
-0.2407056
-0.024
0.002
-0.004
-0.0823136
0.1403136
-0.1144704
0.012
0.006
0.008
0.008
0.006
0.1083136
0.006
-0.032
0.0521568
0.0503136
-0.1284704
0.006
-0.014
0
-0.0923136
0.012
-0.0100784
0.1505488
-0.1283136
0.032
0.006
0.012
-0.032
0.058
0.046
-0.052
-0.0740784
0.1666272
-0.012
0.006
-0.0041568
0.0660784
0.0722352
0.1246272
-0.212784
0.090392
-0.03
0
-0.006
-0.002
0.0380784
-0.01
0.048
-0.008
-0.0682352
-0.0320784
0.006
0.1646272
-0.1726272
0
0.066
-0.048
-0.0343136
-0.032
0.03
0.054
-0.1845488
-0.008
-0.126784
-0.01
0.01
0.048
0.1446272
0.018
0.016
-0.0040784
0.004
0.1927056
-0.052
0.01
0.1606272
0.006
0.032
0
0.042
0.1567056
0
-0.278784
-0.022
0.052
0.012
-0.0301568
-0.018
-0.012
0.078
0.044
-0.1686272
-0.006
-0.024
-0.0401568
-0.0561568
0.078
-0.104
0.018
-0.028
0.018
0.002
-0.032
0.01
-0.08
0.002
-0.04
0.03
-0.03
0.1606272
0.01
0.0683136
0.006
-0.036
0.01
0.002
0.024
0.07
-0.1304704
0.148392
0.0320784
0.032
-0.01
-0.018
-0.014
0.004
-0.01
-0.1146272
0.2046272
-0.048
-0.024
-0.03
0.158392
0.2347056
0
-0.024
-0.1324704
-0.016
-0.04
0.04
-0.032
-0.018
-0.106392
0.0603136
-0.016
0.1264704
-0.098392
-0.022
-0.06
-0.012
0.006
-0.006
0.2027056
0.02
-0.002
0.052
0.230784
0.0863136
0.0541568
0.0161568
0.02
-0.194784
0.012
0.01
-0.04
-0.03
-0.06
0.1807056
-0.018
0.042
0.0202352
0.012
0.1204704
-0.1767056
-0.0703136
-0.222784
0.0701568
0.0723136
-0.0803136
0
-0.0822352
-0.012
0.014
0.1223136
-0.016
0.0176864
0.1665488
-0.022
0.016
0.01
-0.1906272
0.04
0.048
0.236784
-0.006
-0.0160784
-0.01
-0.2467056
0.054
-0.048
-0.002
-0.0303136
0.076
-0.154784
-0.016
0.1505488
0.0944704
0.034
0.064
-0.1966272
0.038
0.0983136
-0.0623136
0.02
-0.1043136
-0.016
0
-0.016
-0.076
-0.1025488
-0.014
0.06
0
0.1105488
0.042
0.012
0.164784
0.09
0.016
-0.03
0.01
-0.1384704
0.012
-0.100392
-0.054
-0.018
0.018
-0.016
0.0720784
0.004
0.1166272
0.012
0.036
0.024
-0.05
-0.018
0.0803136
-0.046
0.06
-0.006
-0.03
0.024
0.042
-0.05
-0.024
-0.022
-0.028
0.022
-0.06
0.03
-0.03
0.082392
0.0523136
0
-0.1786272
0.026
0.0199216
-0.092
0.006
0.222784
-0.1707056
-0.1144704
0.038
0
0.012
-0.1427056
0.1647056
-0.116784
-0.018
-0.0042352
0.022
-0.01
-0.05
0.06
0.0623136
-0.1587056
-0.018
-0.022
-0.022
0
-0.1606272
-0.016
0.07
-0.01
0.03
0
0.1605488
-0.0623136
-0.006
-0.002
-0.1125488
0.044
0
0.018
-0.032
0.06
-0.038
0.044
0.022
-0.06
-0.1287056
0.01
-0.03
0.106392
0.01
0.03
0.1307056
-0.0903136
0.022
-0.088392
0.018
-0.0222352
-0.134392
0.012
-0.006
-0.1547056
0.1244704
0.072392
0.1646272
0.01
0.058
-0.0503136
0.014
-0.002
0.022
-0.028
-0.032
-0.016
-0.004
0.058
0
0.006
-0.008
-0.02
-0.07
-0.006
0
0.1424704
-0.014
-0.1345488
0.006
-0.004
0.04
0.1105488
0.026
0.012
0.016
-0.1927056
-0.026
0.1106272
-0.038
0.0482352
0.0585488
-0.0039216
0.018
-0.05
-0.0140784
-0.0401568
0.006
0.03
-0.152784
0.02
-0.018
0.022
0.048
0.006
-0.032
0.01
0.002
0.01
0.02
0.1043136
-0.04
0.004
-0.1226272
0.1506272
-0.0160784
0.056
-0.048
0.056
0.0599216
-0.046
-0.2086272
0.04
-0.1384704
0.01
0.032
-0.106392
-0.1365488
0.042
0.024
0.018
0.018
0.086
0.0541568
-0.04
-0.0161568
0.006
0.0057648
-0.0180784
-0.052
0.062
-0.0038432
0.004
-0.006
0.016
-0.094392
0.1927056
-0.086392
-0.022
-0.004
-0.2185488
-0.014
0.1325488
0.024
0.006
-0.07
-0.008
0.108
-0.016
-0.0460784
0.022
0.0743136
-0.1083136
0.016
0.002
-0.1606272
0.0199216
-0.0060784
0.032
-0.040392
-0.164784
-0.002
0.0681568
0.082
-0.006
0.054
0.016
-0.0422352
-0.1606272
0.012
0.004
-0.124784
0.01
-0.016
0.016
-0.036
0.006
-0.012
0.012
0
-0.184784
0.1825488
-0.1804704
0
-0.1144704
0.014
-0.02
-0.1305488
-0.016
0.082
0.0018432
-0.048392
-0.178784
0.008
0.014
0.018
-0.012
0.086
-0.006
-0.02
0.06
-7.8400000000001e-05
0.01
-0.024
0.0080784
0.012
0.066
0
-0.1484704
0.1606272
-0.0199216
-0.0401568
-0.1506272
0.052
-0.0642352
0.046
-0.03
-0.0161568
0.1486272
0
0.01
-0.002
-0.034
0.1505488
-0.038
-0.160784
0.184784
0.026
0.016
-0.012
0.0299216
-0.0140784
-0.006
0.014
-0.004
-0.0861568
-0.1846272
0.002
0.038392
0.064
0.0439216
0.1423136
-0.0762352
0.188784
-0.034
0.1726272
0.01
-0.1564704
0.01
0.016
-0.0743136
-0.06
0.012
0.1002352
-0.200784
-0.004
-0.1465488
0.0803136
0.0663136
0.016
-0.038
-0.002
-0.022
-0.1807056
-0.004
-0.224784
-0.008
0
-0.03
0.038
0.044
-0.028
-0.006
0
0.006
0.1103136
-0.0602352
-0.022
-0.024
0.014
0.0420784
-0.006
0.06
-0.032
0.0442352
-0.06
0.254784
-0.006
0.1267056
0.018
0.06
-0.0360784
-0.2304704
0.054
-0.056
0.1206272
-0.07
-0.0743136
0.034
0.0441568
-0.072
0.058
-0.0543136
-0.006
-0.006
-0.054
-0.03
-0.1284704
0.100392
-0.0581568
0
-0.008
0
0.008
-0.026
0.0584704
0.008
0.012
-0.2066272
-0.0421568
-0.0544704
-0.016
-0.014392
0.0003136
0.0360784
-0.026
-0.088392
-0.022
0.05
0.018
0.1746272
-0.024
0.126
0.036
0.1305488
-0.1685488
0.022
-0.1005488
-0.016
0.012
0.012
-0.028
0.046
0.0662352
0.012
0.0079216
-0.01
0.0439216
0.0100784
-0.0502352
-0.1626272
0
0
-0.026
-0.1344704
0
-0.004
0.0221568
0.0963136
0.126392
0.03
-0.066
-0.01
-0.004
-0.048
-0.110392
0.1122352
-0.006
-0.034
-0.012
0.016
0.0583136
-0.0822352
0.0439216
0.02
-0.01
-0.0260784
0.0383136
0.02
-0.04
0.066
0.028
0.168784
-0.034
-0.2467056
-0.02
0.03
-0.006
0
0
-0.01
0.1666272
0.002
0.01
-0.03
0.0885488
-0.05
-0.032
-0.008
-0.0001568
0.0280784
0.1024704
0
0.2067056
-0.012
-0.018
0.0521568
0.126784
0.006
-0.024
-0.06
-0.03
0.008
-0.014
0
0.0842352
0.206784
0.036
-0.072
7.8400000000001e-05
-0.026
0.0278432
0
0.1527056
-0.064
0
0.006
0.2107056
0.1885488
-0.048
-0.0942352
-0.006
-0.0442352
0.014
0.1726272
0.078
0.018
0.034
-0.026
-0.012
-0.114392
0.1304704
-0.184784
0.1805488
0.01
0.02
-0.1022352
-0.032
-0.018
-0.01
0.2067056
-0.01
0.008
0.048
0.1022352
0.0501568
0.042
0.012
-0.1805488
-0.02
0.012
0
-0.052
-0.1387056
-0.162784
-0.1264704
-0.04
-0.006
-0.1486272
-0.0862352
-0.1784704
-0.014
-0.088
-0.018
-0.08
-0.1306272
0.034392
-0.004
0.1
-0.1867056
0.038
0.1346272
-0.240784
-0.1245488
-0.0602352
-0.1426272
-0.0743136
0.052
-0.006
-0.006
0.1367056
0
-0.016
-0.036
0.0600784
0.1485488
-0.028
-0.0840784
0.0160784
0.024
0.02
0.048
-0.1305488
-0.006
0.06
0.0501568
0.1004704
-0.008
-0.018
-0.064392
0
-0.1424704
0
0.0242352
-0.034
-0.2107056
-0.048
-0.024
0.012
0.024
-0.1606272
-0.024
-0.038
0.1546272
0.014
-0.016
0.028
-0.254784
0.006
-0.048
0.1064704
-0.0060784
-0.028
-0.1606272
-0.024
-0.034
0.01
0.0482352
0.1707056
0.006
0.04
0.1644704
0.0502352
-0.012
0.018
-0.04
-0.07
0.022
0.036
0.03
-0.0340784
-0.014
-0.024
0.016
-0.03
0.006
0.01
-0.146784
0.1245488
0.0521568
0.018
0.112392
-0.0300784
-0.01
0.058
-0.1726272
0.046
-0.016
-0.0600784
-0.018
-0.04
0
0.02
-0.042
0.022
-0.088
-0.002
0.04
0.018
0.022
0.02
-0.1305488
0.01
0.01
-0.074
-0.1245488
-0.032
0.006
0.2287056
-0.0803136
-0.012
-0.01
0.022
-0.106392
-0.0863136
-0.022
0
0.05
0.0061568
-0.2366272
-0.0241568
0.0483136
0.140392
-0.026
0.190784
0.026
0.188784
-0.1684704
-0.022
0.038
-0.064
0.006
-0.04
0
-0.012
0.008
0.0603136
0.0102352
0.03
0.004
-0.150392
0.0221568
-0.1606272
-0.018
0.012
-0.0902352
0.1566272
0.042
0.018
-0.006
0.004
0.016
0.022
-0.04
-0.0602352
-0.1444704
0.018
0.226784
0.160784
0.012
-0.022
-0.0422352
-0.012
-0.006
0.0465488
-0.04
0.05
-0.052
0.036
-0.1646272
-0.1606272
-0.012
0.0703136
0
-0.126392
-0.046
0.016
0.1765488
-0.006
-0.022
0.1647056
0.0342352
-0.004
0.002
-0.064392
0.024
-0.006
0.012
0.1505488
-0.01
-0.072
0.022
0.0743136
0.026
-0.006
0
0.032
-0.064
0.048
0.006
-0.056
-0.01
-0.016
0.05
-0.024
0.006
0.01
-0.012
-0.0842352
0.028
0.036
0.026
0.04
0
0.012
0
0.006
0.028
-0.006
0.0001568
-0.1506272
-0.0401568
-0.1606272
-0.012
-0.042
0.1245488
-0.02
-0.07
0.01
0.006
0.004
0.0421568
-0.05
-0.0881568
0.1123136
0.0038432
0.012
0.022
0.004
-0.0180784
-0.02
-0.0742352
0.0620784
0.02
0.2147056
0.038
0.008
-0.220784
-0.05
0.0702352
0.016
-0.006
0.052
0.012
0.012
-0.054
-0.03
-0.034
0.1766272
-0.2186272
-0.006
-0.01
-0.01
0.056
0.072392
0.0521568
-0.03
-0.0442352
0.142784
0.1527056
0.01
-0.012
0
0.012
0.016
0.0602352
-0.006
-0.1465488
0.0521568
-0.04
-0.01
-0.006
0.03
0.01
-0.0602352
-0.0702352
-0.092392
0.1926272
-0.01
-0.004
0.0805488
0.1324704
0.024
0.012
0.024
-0.008
0.1564704
0.054
0.002
0.054
-0.174784
-0.0863136
0.176392
0.0620784
0.0341568
-0.02
0.034
0.0982352
0.01
-0.012
-0.018
-0.056
0.1585488
0.006
0
-0.032
0.1966272
0.0702352
0.006
-0.1346272
-0.04
0
-0.034
-0.090392
-0.1045488
0.074
-0.01
-0.066
0.048
0.080392
-0.104392
-0.1546272
0
-0.002
0.064
-0.002
-0.024
-0.002
-0.1646272
0
-0.072
0.002
0.056
-0.042
-0.046
-0.016
0.1047056
-0.1845488
0.028
-0.0122352
-0.01
0.0563136
-0.012
-0.052
0.012
0.180784
-0.2007056
-0.012
-0.0040784
0
0.004
-0.034
-0.028
-0.006
-0.1165488
0
0.022
0.054
-0.042
-0.01
-0.0560784
-0.006
0.008
-0.02
0.052
-0.03
0.042
-0.0904704
-0.006
-0.042
0.004
0.1545488
0.0903136
0.1425488
0.0261568
-0.028
0.0080784
0
0.042
-0.04
0.01
0.01
0.004
0.014
-0.076
0.016
-0.044
0.02
0.1366272
-0.022
0.02
-0.0321568
-0.058
0.006
0.0382352
-0.0500784
-0.042
0.194784
-0.008
0.002
-0.006
0.026
-0.07
-0.018
0.0001568
0.2427056
-0.016
0.048
0.04
0.044
-0.012
0.032
0.03
0.0621568
0.184784
0.01
-0.1245488
0
0.062
0.01
0.002
-0.038
0.006
-0.006
0.022
-0.012
0.1847056
0.1100784
0.0782352
0
-0.01
-0.01
0.03
-0.062
0.002
0.04
-0.048
-0.012
0.018
-0.024
-0.1907056
0.01
0
-0.014
0.016
-0.018
-0.018
-0.0122352
0
0.242784
0.1606272
-0.014
-0.018
-0.01
-0.054
0.1365488
0.006
-0.008
0.052392
0.0440784
-0.012
-0.032
0.0480784
0.012
0.018
-0.016
0.034
-0.0281568
-0.04
0.0942352
-0.018
0.012
0.042
0.038
-0.018
-0.03
-0.004
-0.0461568
0.066
0.014
0.014
-0.144784
-0.0583136
0.092392
-0.0942352
0.0482352
0.146392
0.072
0.0200784
-0.012
0
0.1206272
-0.0699216
0.032
0.0722352
-0.1526272
0.06
0.128392
-0.154784
-0.068
0.0941568
0.006
0.012
-0.022
0.062
0.028
-0.052
-0.1143136
-0.048
0
-0.01
0.026
0.1466272
-0.06
0.0821568
-0.028
-0.012
-0.012
-0.01
0.1365488
-0.03
-0.046
-0.04
0.012
-0.016
0.02
0.022
0.016
-0.02
0.032
0.016
0.016
-0.0240784
0.0825488
-0.1103136
-0.1325488
0.05
0.0561568
0.036
-0.04
-0.1826272
0.0200784
-0.014
0.036
-0.082
0.024
-0.008
0.022
0.048
-0.006
0.06
0.0882352
0.08
-0.1747056
0.07
0.0521568
0.0823136
0
-0.0061568
0.1967056
0
-0.1847056
0.1807056
0
0.022
0.0581568
-0.142392
-0.016
0.038
0.012
0.0401568
-0.03
-0.078392
-0.006
0.004
0.022
0.014
0.056
-0.05
0.03
0.0785488
-0.036
0.01
0.006
0.004
0.028
-0.0700784
0
0.1446272
0.02
0.0501568
0.2146272
-0.006
0.012
-0.220784
-0.022
0.006
-0.2047056
0.0682352
-0.01
0.01
-0.024
-0.008
-0.0381568
0.1042352
0.036
0.1304704
0.018
0.076
0.174784
-0.06
0.004
0.0805488
0.006
-0.190784
-0.0200784
-0.022
0.028
0.1907056
-0.006
0.018
-0.026
-0.1766272
0.006
-0.03
0.228784
-0.002
0
0.1667056
-0.016
-0.01
-0.046
0.0743136
0.008
-0.01
0.084
0.1946272
-0.054
0.2287056
0.008
0
-0.1907056
-0.002
-0.008
-0.01
0.03
0.012
0.05
0
-0.0904704
-0.056
-0.0703136
0.004
-0.026
0.002
-0.012
-0.0141568
-0.058
0
0.068
-0.066
-0.1204704
0.006
-0.1867056
-0.006
-0.016
-0.012
0.024
0.026
-0.014
-0.0058432
0.06
-0.004
-0.240784
-0.0361568
0.06
-0.018
0.006
-0.006
0.01
-0.026
0.0962352
0.0741568
-0.09
0.008
-0.026
0.0762352
0.014
0.01
-0.1123136
0.0443136
-0.1626272
-0.03
-0.022
-0.012
0.1405488
0.1304704
-0.018
0.098392
-0.02
-0.016
-0.026
-0.0360784
-0.1064704
0.072392
-0.058
0.012
-0.004
0.008
0.008
0.006
-0.008
0.036
0.018
0.072392
-0.02
0.0780784
0.01
-0.09
-0.014
0.0860784
-0.0461568
0.058
0.008
-0.1304704
-0.088392
-0.074
-0.1127056
0.1987056
0
-0.044
-0.0646272
0.0040784
-0.1405488
0
-0.012
0.2407056
0
0.0463136
0.0602352
0.012
0.1686272
-0.064
-0.1
0.0401568
0.018
-0.1846272
-0.0662352
-0.038
0.0440784
-0.046
0.0362352
-0.094
0.054
0
-0.012
-0.1306272
-0.1486272
-0.012
-0.1006272
0.2186272
0.0442352
-0.03
-0.132392
0.098392
-0.002
-0.1747056
-0.0703136
0.014
0
0.01
0.1606272
0.018
-0.026
0.022
-0.0721568
0.170784
0.072
-0.086392
-0.02
0.022
-0.0281568
0.004
-0.006
0.1144704
-0.052
0.156392
-0.018
-0.0643136
0.088392
-0.012
0.07
-0.054
0.036
-0.026
0.004
-0.01
0.002
0.192784
0.1586272
-0.1204704
0.016
-0.024
-0.1285488
-0.004
0.022
0.01
0.004
-0.006
-0.060392
-0.018
0.1223136
-0.0762352
-0.032
0.1203136
-0.034
0.006
0.02
-0.018
-0.026
-0.022
-0.018
0.014
0
0.088
-0.024
0.048
0.0582352
0.01
0
0.048
-0.0682352
-0.036
-0.022
0.100392
-0.0921568
-0.028
-0.0542352
0.04
-0.106392
-0.01
0.02
-0.01
0.012
0.018
-0.2026272
0.006
0.0783136
0.004
-0.024
0.1105488
-0.0200784
0.2084704
0.006
0.036
-0.042
0.0721568
0.006
-0.0945488
-0.006
-0.024
-0.036
0.0422352
0.01
0.1424704
0.084
-0.038
-0.046
0.07
-0.026
-0.0040784
0.002
-0.222784
0.0460784
0.038
0.008
0.046
-0.006
-0.0702352
-0.034
-0.072
0.022
-0.006
-0.024
0.200784
-0.01
0.048
-0.1285488
-0.0983136
0.270784
0.0341568
0.0160784
0.014
0.0662352
0.0660784
-0.006
-0.03
0.0101568
-0.012
-0.0079216
0.006
-0.0340784
-0.0120784
-0.1606272
0.02
0.0260784
-0.028
-0.1707056
0.1184704
-0.024
0
-0.210784
0.02
0.042
0.012
0.064
0.012
-0.036
-0.05
0.1043136
0.076
0.032
-0.1204704
-0.012
0.0303136
0.0703136
-0.018
-0.008
-0.068
0.032
-0.1786272
0.006
-0.1304704
-0.046
0
-0.0281568
-0.090392
0.1445488
-0.006
0.006
0.06
-0.1826272
0.1987056
0.1144704
0
-0.022
-0.03
0.096392
-0.016
0.05
-0.018
0.016
-0.006
-0.1807056
0.0683136
-0.016
-0.054
-0.1225488
0.136392
0
0
-0.022
0.1846272
0.1206272
-0.006
0.008
-0.046
0.1204704
0.012
0.096
0.0018432
-0.004
-0.012
0.220784
0.022
-0.006
0
-0.1924704
0.012
-0.0583136
0
-0.004
-0.038
0.004
-0.032
-0.026
0.034
-0.0883136
0.0643136
0.018
-0.02
0.030392
0.0463136
-0.062
0.004
-0.018
-0.048
0.06
0.0259216
0.004
0.018
-0.004
0
0.034
-0.03
-0.006
0.036
-0.026
0.0059216
0.0302352
-0.078
-0.024
0.022
-0.0903136
-0.044
0.046
0.1606272
0.04
0.0762352
-0.0299216
0.0080784
-0.0202352
-0.058
0.004
0.1061568
-0.2167056
-0.006
-0.042
0.1666272
0.022
0.034
0.0362352
0.048
0.014
0.0261568
-0.012
0.1043136
-0.242784
-0.0482352
0.0623136
0.0843136
0.0200784
-0.0702352
-0.096392
-0.1024704
0.1486272
0.090392
-0.0179216
0.024
-0.026
0.012
-0.0341568
-0.1405488
0.084
-0.034
0.01
0.0923136
-0.006
-0.064392
0.002
0.022
0.01
-0.018
0.01
0.0679216
0.0846272
-0.018
0.0501568
-0.006
-0.146784
-0.008
-0.098
0.1646272
0
-0.034
-0.01
0.0922352
-0.01
0
0.0503136
0.0140784
-0.214784
0.064
0.212784
0.0983136
0.108392
0.046
-0.032
-0.0541568
0.0221568
-0.022
0
0.034
0
0.0301568
-0.026
0.052
0.0743136
-0.0941568
-0.174784
-0.0743136
-0.028
-0.1405488
0.006
-0.018
-0.016
0.01
0.0320784
0.1765488
0.100392
-0.042
0.038
0.044392
0.022
0
-0.1767056
0.052
-0.094
-0.018
-0.02
-0.042
0.076
0
0.046
0
-0.0983136
0.0420784
0.002
-0.05
-0.158784
0.022
0.014
0.0440784
0.02
-0.078392
0.1165488
-0.01
-0.022
-0.1564704
0
0.046392
0.006
-0.006
-0.012
0
0.0320784
0.06
-0.002
-0.036
0.012
-0.1525488
-0.0599216
-0.02
-0.012
-7.8399999999999e-05
0.212784
0.016
0.084392
-0.1526272
-0.0116864
0.016
0.1667056
-0.014
0.254784
-0.134784
0.002
-0.04
0.170784
0.0301568
0.016
0.01
0.0960784
-0.1186272
-0.044
0.0119216
0.006
0.026
-0.092
-0.04
-0.006
-0.0280784
0.012
0.044
0.02
0.0261568
-0.038
-0.158392
0.104392
0.1605488
-0.0563136
-0.008
-0.2086272
-0.012
0.006
0.024
0.018
0.112392
0.038
0.004
-0.0100784
-0.1065488
0.024
0
0.032
0.01
0.0624704
0.0641568
-0.038
-0.018
0.0463136
0.0281568
0
0.036
-0.028
-0.004
0.024
-0.002
-0.04
0.05
0.038
0.01
0.028
0.012
0.0301568
-0.006
-0.1467056
-0.118392
-0.014
0.006
-0.1307056
-0.052392
0.1547056
0.0683136
0.1264704
0.048
-0.006
-0.036
-0.03
0.006
0.014
0
0.02
-0.100392
0.068
0.022
-0.1343136
-0.016
-0.01
0.01
0.1205488
0.1707056
-0.012
0.0702352
0.07
0
0.0099216
-0.012
0.07
0.014
-0.1144704
0.018
0.112392
0.01
0.112392
-0.036
-0.016
0.042
-0.012
-0.038
-0.0380784
0.036
0.0643136
0.098392
-0.064
-0.3047056
0.02
0.022
-0.026
0.008
-0.012
-0.112392
-0.03
0.028
-0.03
0.002
-0.0821568
0.0805488
-0.012
0.022
0
-0.0841568
-0.004
-0.1161568
0.0498432
0.0382352
0
-0.186784
-0.072
-0.1907056
-0.1283136
-0.1264704
0
-0.01
-0.0743136
0.0522352
0
-0.036
0.1144704
-0.006
-0.160784
-0.004
0
0.01
-0.004
-0.152392
-0.034
-0.048
-0.032
0
-0.012
0.024
-0.0703136
0.06
0.034
0.01
-0.1366272
0.01
-0.046
0.1265488
-0.2067056
0.0220784
-0.022
0.1666272
0.208784
-0.008
-0.04
-0.004
0.012
0.006
0.03
0.008
0.01
-0.186392
0.190784
0.042
0.026
0.036
0.0001568
-0.0260784
0.066
0.002
0.052
-0.018
0.022
0.1526272
-0.02
-0.026
-0.024
-0.05
0.214784
-0.0581568
0.2167056
-0.036
-0.0200784
-0.034
0.036
0.008
0.018
0.016
-0.024
-0.0521568
0.048
-0.142392
-0.042392
0.01
0
-0.01
0.1204704
0.002
-0.01
-0.01
-0.1604704
-0.240784
0.1704704
0.006
0.004
-0.016
-0.012
-0.1345488
-0.1685488
0.082392
0.02
-0.006
-0.012
-0.124392
-0.03
-0.0097648
0.006
-0.006
-0.1726272
0.1163136
-0.032
-0.012
0.032
-0.034
0.014
0.04
-0.022
0.064
0.0501568
0.016
0.0783136
-0.022
0.0380784
-0.024
-0.1144704
-0.014
0.02
-0.0401568
0.2027056
-0.016
-0.182784
-0.1022352
0.0984704
0
0.01
-0.016
-0.0662352
-0.0522352
0.1704704
0
-0.07
-0.048
-0.038
0
0.012
-0.004
-0.1404704
0.002
-0.0200784
-0.0743136
-0.014
-0.1665488
0.064
-0.02
-0.0200784
-0.042
0.0222352
-0.018
-0.048
-0.072
-0.1345488
0.016
-0.07
0.0523136
-0.01
-0.1304704
0.0020784
0.016
-0.018
0.068
0
0.208784
-0.038
-0.012
-0.0903136
0.022
-0.024
-0.028
0.0100784
-0.0302352
-0.004
0.018
0.04
-0.06
-0.0482352
-0.0500784
-0.01
0.1384704
-0.018
-0.2026272
-0.1964704
0.1606272
-0.1567056
0.0441568
0.004
-0.004
-0.018
0.01
0.01
0.006
-0.1364704
-0.012
0.1745488
0.1706272
0.1024704
-0.008
0.0219216
0.0180784
-0.0983136
0.112392
0.032
0.0521568
-0.036
-0.026
0
-0.05
0.002
0.042
0.190784
0
0.02
0.002
0.036
-0.114392
0
0.202784
0
-0.1526272
0.094392
-0.0461568
-0.03
-0.1102352
-0.014
-0.200784
0.004
0.1447056
-0.042
0
0.042
-0.1906272
0.076392
0.004
-0.07
0
0
0.1427056
0
0.034
-0.012
0.0160784
-0.01
-0.048
-0.1103136
0.200784
0.014
-0.004
0.210784
0
-0.056
0.0843136
-0.002
0.004
0.1384704
-0.0582352
-0.012
-0.0902352
0.004
0.002
0.0200784
-0.002
-0.018
0.076
-0.018
0.032
-0.008
0.006
0.006
0.03
-0.012
-0.1486272
-0.044
-0.1444704
0.1807056
0.004
-0.008
0.1124704
0.028
0.022
-0.070392
0.236784
0.026
-0.1406272
0.248784
-0.002
-0.1365488
0.0561568
0.06
-0.016
0.2107056
0.05
-0.06
-0.032
-0.012
-0.06
-0.1525488
-0.022
-0.154392
0
0.01
0.016
0
-0.01
-0.0622352
0.0401568
-0.04
-0.058
0.1084704
-0.0903136
-0.024
0.058
-0.1646272
-0.0601568
-0.022
-0.172784
0.028
0.01
0.0221568
0.0341568
0.024
0.0339216
0.018
0
0.012
0.0502352
-0.0403136
0.014
-0.006
0.0122352
-0.052
0.1965488
0
-0.066
-0.06
-0.034
0.0863136
-0.100392
-0.006
0.0822352
0.036
-0.026
0.0502352
-0.062
-0.008
-0.0602352
0
0.012
0.04
-0.036
0.1665488
0.076
0.022
-0.1786272
0.01
-0.012
0.006
-0.002
0.032
0.0582352
0.028
-0.188784
-0.210784
-0.004
0.1565488
-0.1285488
0.0923136
0.02
-0.032
0.02
0
0.016
-0.1706272
0
0.004
-0.1987056
0.1204704
-0.01
0.004
0.018
0.04
0
-0.058
-0.042
-0.036
0.094392
-0.1143136
0.048
-0.01
0.0302352
-0.058
0.068
0.036
-0.026
-0.04
0.0301568
0.046
0.03
-0.044
0.0219216
-0.0863136
0.204784
-0.1987056
0.018
-0.054
-0.026
0.0018432
0.02
0.06
0.1826272
0.1764704
0.2306272
0.006
0.006
-0.1527056
-0.066
-0.1121568
0.056
0.022
-0.028
-0.046
0.04
-0.012
0.048
-0.018
0.01
0
-0.04
0.012
0.01
0.01
0.004
-0.056
0.012
0.006
-0.012
0.0643136
0.008
-0.022
-0.2167056
-0.0138432
0.038
-0.036
0.0843136
0.0801568
-0.012
-0.064
-0.128392
0.02
0.022
-0.034
0.018
-0.2406272
-0.012
-0.044
0.06
-0.024
-0.012
0.01
-0.100392
0.008
-0.01
-0.084392
-0.002
0.042
-0.032
-0.034
0.024
-0.0722352
0.044
0.042
-0.012
0.1405488
0.1164704
-0.2566272
-0.038
0.012
-0.210784
-0.0501568
-0.1204704
-0.044
-0.044
-0.0179216
-0.088
0.032
-0.054
0.024
0.086
-0.064
0.2147056
-0.03
0.026
0.018
-0.002
-0.024
0.02
-0.1726272
-0.022
-0.012
-0.0727056
0.0986272
-0.204784
0.014
-0.03
0.0343136
0.2167056
0.1426272
-0.024
0
0
-0.118392
-0.0824704
0.236784
0.190784
0
-0.01
-0.058
0.1607056
0
0.018
-0.056
-0.022
0.2026272
0.036
-0.1864704
0.034
-0.018
-0.0803136
-0.03
-0.01
-0.04
-0.048
0.0322352
0.096
-0.026
0.016
-0.0521568
-0.1524704
0
0.006
0.006
0.0364704
-0.188784
0.018
0.024
-0.0782352
0.0602352
-0.008
0.1744704
-0.006
-0.022
-0.012
-0.01
0.068
0.054
0.006
0.0062352
-0.006
-0.002
0.01
-0.0281568
0.0301568
0.1304704
0
-0.0844704
-0.008
-0.2087056
-0.0361568
-0.0863136
0.1567056
-0.1726272
-0.042
-0.044
-0.1047056
-0.048
-0.092392
-0.01
0
0.004
0.170784
-0.062
0.048
-0.0401568
-0.04
0.006
-0.0080784
0.0923136
0.002
-0.0801568
0.026
0.024
-0.014
0.102392
-0.1245488
-0.008
0.014
-0.0078432
-0.006
0.1124704
0
0.200784
0.1024704
0.1103136
-0.1487056
0
-0.0521568
-0.1285488
0.006
0.116392
-0.120392
0.1125488
0.006
0.0341568
-0.006
0.1224704
0.046
0.108392
-0.0501568
-0.048
-0.1124704
-0.044
-0.194784
-0.054
0.018
-0.1264704
-0.1264704
0.1767056
0.006
0.03
0.0943136
0.006
-0.006
-0.01
0.02
0.1226272
0
0.048
0.1404704
-0.0459216
0.006
0.02
0.028
0.188784
-0.1104704
0.01
0.194784
-0.03
