45
2
2
2
0
1
2
0
0
2
-0.053321983372461
0.084533871701237
-0.049462400116801
0.0052944170033719
-0.10253932341263
19
2
2
2
0
1
1
0
0
0
2
2
2
0
1
1
0
0
0
-0.054692844817013
0.081636314566854
-0.050689735436955
0.007435041723779
-0.10160249110094
24
2
2
2
1
1
2
0
0
2
2
2
2
0
1
2
0
0
2
-0.053385216346848
0.086808887441059
-0.049437664283099
0.0061949639360029
-0.10243431168856
19
0
1
2
0
1
2
0
0
2
0
1
2
0
1
2
0
0
2
-0.052065179463331
0.093842975110767
-0.050726254476032
0.01648888045639
-0.097708230197344
33
0
0
1
0
1
1
0
0
0
2
2
2
0
1
2
0
0
2
-0.053509218855438
0.091027937441509
-0.049378322449947
0.0078588487075339
-0.10218335706099
19
0
1
2
0
1
2
0
0
2
0
1
2
0
1
2
0
0
2
-0.050663548489561
0.1147688773382
-0.053846710896317
0.020346156595875
-0.10258549913566
25
0
1
2
0
1
2
0
0
2
0
1
2
0
1
2
0
0
2
-0.050663548489561
0.1147688773382
-0.053846710896317
0.020346156595875
-0.10258549913566
25
0
1
2
0
1
2
0
0
2
0
1
2
0
1
2
0
0
2
-0.050663548489561
0.1147688773382
-0.053846710896317
0.020346156595875
-0.10258549913566
25
0
1
2
0
1
2
0
0
2
0
1
2
0
1
2
0
0
2
-0.050663548489561
0.1147688773382
-0.053846710896317
0.020346156595875
-0.10258549913566
25
0
1
2
0
1
2
0
3
3
2
2
2
0
1
2
0
0
2
-0.050787795401085
0.11844594493929
-0.053896332128933
0.021813680013081
-0.1024411751096
19
2
2
2
0
1
1
0
0
0
2
2
2
0
1
2
0
0
2
-0.054728240876434
0.11412391148314
-0.049995038080448
0.017325183387567
-0.10148919395632
19
0
1
2
0
1
2
0
0
2
2
2
2
0
1
2
0
0
2
-0.051252881931539
0.12721431011506
-0.054206739716802
0.02465601235192
-0.10222056139059
19
0
1
2
0
1
2
0
0
2
2
2
2
0
1
2
0
0
2
-0.055274212908707
0.11461081479836
-0.05049701498068
0.015691027046408
-0.10200372771032
27
2
2
2
0
1
1
0
0
0
2
2
2
0
1
2
0
0
2
-0.055145552267681
0.12643602955373
-0.0501151358692
0.015057997393453
-0.10111738768537
19
2
2
2
0
1
1
0
0
0
2
2
2
0
1
1
0
0
0
-0.057204810544468
0.25846341796341
-0.051047240353716
-0.010627438237766
-0.099691746279333
25
2
2
2
0
1
1
0
0
0
2
2
2
0
1
1
0
0
0
-0.057204810544468
0.25846341796341
-0.051047240353716
-0.010627438237766
-0.099691746279333
25
2
2
2
0
1
1
0
0
0
2
2
2
0
1
1
0
0
0
-0.057204810544468
0.25846341796341
-0.051047240353716
-0.010627438237766
-0.099691746279333
25
2
2
2
0
1
1
0
0
0
2
2
2
0
1
1
0
0
0
-0.057204810544468
0.25846341796341
-0.051047240353716
-0.010627438237766
-0.099691746279333
25
2
2
2
0
1
1
0
0
0
2
2
2
0
1
1
0
0
0
-0.057204810544468
0.25846341796341
-0.051047240353716
-0.010627438237766
-0.099691746279333
25
2
2
2
0
1
1
0
0
0
2
2
2
0
1
1
0
0
0
-0.057204810544468
0.25846341796341
-0.051047240353716
-0.010627438237766
-0.099691746279333
25
2
2
2
0
1
1
0
0
0
2
2
2
0
1
1
0
0
0
-0.057204810544468
0.25846341796341
-0.051047240353716
-0.010627438237766
-0.099691746279333
25
2
2
2
0
1
1
0
0
0
2
2
2
0
1
1
0
0
0
-0.057204810544468
0.25846341796341
-0.051047240353716
-0.010627438237766
-0.099691746279333
25
2
2
2
0
1
1
0
0
0
2
2
2
0
1
1
0
0
0
-0.057204810544468
0.25846341796341
-0.051047240353716
-0.010627438237766
-0.099691746279333
25
2
2
2
0
1
1
0
0
0
2
2
2
0
1
1
0
0
0
-0.057204810544468
0.25846341796341
-0.051047240353716
-0.010627438237766
-0.099691746279333
25
2
2
2
0
1
1
0
0
0
2
2
2
0
1
1
0
0
0
-0.057204810544468
0.25846341796341
-0.051047240353716
-0.010627438237766
-0.099691746279333
25
2
2
2
0
1
1
0
0
0
2
2
2
0
1
1
0
0
0
-0.057204810544468
0.25846341796341
-0.051047240353716
-0.010627438237766
-0.099691746279333
25
2
2
2
0
1
1
0
0
0
2
2
2
0
1
1
0
0
0
-0.057204810544468
0.25846341796341
-0.051047240353716
-0.010627438237766
-0.099691746279333
25
2
2
2
0
1
1
0
0
0
2
2
2
0
1
1
0
0
0
-0.057204810544468
0.25846341796341
-0.051047240353716
-0.010627438237766
-0.099691746279333
25
2
2
2
0
1
1
0
0
0
2
2
2
0
1
1
0
0
0
-0.057204810544468
0.25846341796341
-0.051047240353716
-0.010627438237766
-0.099691746279333
25
2
2
2
0
1
1
0
0
0
2
2
2
0
1
1
0
0
0
-0.057204810544468
0.25846341796341
-0.051047240353716
-0.010627438237766
-0.099691746279333
25
2
2
2
0
1
1
0
0
0
2
2
2
0
1
1
0
0
0
-0.057204810544468
0.25846341796341
-0.051047240353716
-0.010627438237766
-0.099691746279333
25
2
2
2
0
1
1
0
0
0
2
2
2
0
1
1
0
0
0
-0.057204810544468
0.25846341796341
-0.051047240353716
-0.010627438237766
-0.099691746279333
25
2
2
2
0
1
1
0
0
0
2
2
2
0
1
1
0
0
0
-0.057204810544468
0.25846341796341
-0.051047240353716
-0.010627438237766
-0.099691746279333
25
2
2
2
0
1
1
0
0
0
2
2
2
0
1
1
0
0
0
-0.057204810544468
0.25846341796341
-0.051047240353716
-0.010627438237766
-0.099691746279333
25
2
2
2
0
1
1
0
0
0
2
2
2
0
1
1
0
0
0
-0.057204810544468
0.25846341796341
-0.051047240353716
-0.010627438237766
-0.099691746279333
25
2
2
2
0
1
1
0
0
0
2
2
2
0
1
1
0
0
0
-0.057204810544468
0.25846341796341
-0.051047240353716
-0.010627438237766
-0.099691746279333
25
2
2
2
2
1
1
2
0
0
2
2
2
0
1
2
0
0
2
-0.055582132432973
0.2475400074519
-0.049750277746052
-0.005593374366097
-0.10312353651763
27
2
2
2
0
1
1
0
0
0
2
2
2
0
1
1
0
0
0
-0.0544780967905
0.28694265731554
-0.056848312249769
-0.0087797200221263
-0.10102234908118
24
2
2
2
1
1
2
0
0
2
2
2
2
0
1
2
0
0
2
-0.055587988661377
0.26470363592152
-0.04971384816958
-0.0069043553292546
-0.10322332777691
19
0
1
2
0
1
2
0
0
2
0
1
2
0
1
2
0
0
2
-0.055588049521414
0.27370197079731
-0.049696926087341
-0.007528853993879
-0.10327998493757
33
0
0
1
0
1
1
0
0
0
0
0
1
0
1
1
0
0
0
-0.055585612793921
0.28270831748515
-0.049662557304506
-0.00806161904508
-0.10332650886692
25
2
2
2
0
1
1
0
1
1
2
2
2
0
1
1
0
1
1
-0.054938957349923
0.32511715207413
-0.057333309014083
-0.012465287867837
-0.10104438862346
33
2
2
2
0
1
1
0
0
1
2
2
2
0
1
1
0
0
1
-0.055580743444988
0.30212154838326
-0.049611655970012
-0.0092667377419617
-0.10345202221791
24
2
2
2
1
1
1
0
1
1
2
2
2
1
1
1
0
1
1
-0.055577533219973
0.31215446152644
-0.049577513724316
-0.00980332989092
-0.10351036910393
24
2
2
2
1
1
2
1
1
2
2
2
2
0
1
2
0
0
2
-0.057838206555664
0.34391969882619
-0.051458341049936
-0.017664236968552
-0.099509375348514
19
2
2
2
0
1
1
0
0
0
